-0.037178 -0.037672  
-0.088622 -0.090528  
-0.062063 -0.062817  
-0.077774 -0.075396  
-0.062776 -0.063228  
-0.066697 -0.066232  
-0.046891 -0.084981  
-0.003799 -0.003826  
-0.141578 -0.141996  
-0.062681 -0.065304  
-0.067607 -0.067487  
-0.041650 -0.039360  
-0.072136 -0.074357  
-0.062338 -0.058792  
-0.078693 -0.078783  
-0.175269 -0.175440  
-0.084086 -0.082025  
-0.127077 -0.127513  
-0.057189 -0.059870  
-0.193646 -0.194128  
-0.051597 -0.050951  
-0.141006 -0.140868  
-0.110545 -0.115598  
-0.056892 -0.057454  
-0.110202 -0.110352  
-0.097612 -0.097064  
-0.136657 -0.137381  
-0.278421 -0.279419  
-0.142385 -0.142521  
-0.072816 -0.072517  
-0.125912 -0.128684  
-0.105544 -0.105496  
-0.042040 -0.041228  
-0.057714 -0.057588  
-0.070406 -0.071410  
-0.059646 -0.059360  
-0.091029 -0.090041  
-0.044537 -0.046408  
-0.075945 -0.073406  
-0.066323 -0.067634  
-0.050880 -0.051281  
-0.067411 -0.066802  
-0.053241 -0.055161  
-0.054833 -0.054409  
-0.067563 -0.067597  
-0.102895 -0.102476  
-0.002541 0.000738  
-0.040402 -0.039319  
-0.098033 -0.098128  
-0.051755 -0.053348  
-0.100163 -0.103522  
-0.308473 -0.307366  
-0.041968 -0.045235  
-0.079437 -0.079897  
-0.251976 -0.255009  
-0.073577 -0.071114  
-0.175745 -0.176028  
-0.044642 -0.043845  
-0.072498 -0.071911  
-0.125679 -0.122039  
-0.085348 -0.083021  
-0.054618 -0.051508  
-0.086834 -0.086997  
-0.029808 -0.031662  
-0.063267 -0.063553  
-0.033949 -0.032769  
-0.049036 -0.049179  
-0.046604 -0.046198  
-0.142160 -0.143177  
-0.092459 -0.090606  
-0.081614 -0.077372  
-0.068118 -0.055405  
-0.038979 -0.038058  
-0.063709 -0.065888  
-0.041567 -0.044385  
-0.205666 -0.208308  
-0.073089 -0.072687  
-0.101431 -0.101631  
-0.194457 -0.193979  
-0.041022 -0.041699  
-0.076092 -0.075075  
-0.145348 -0.145701  
-0.050591 -0.049777  
-0.037761 -0.052229  
-0.042246 -0.040608  
-0.260676 -0.260359  
-0.094722 -0.094733  
-0.110467 -0.114144  
-0.055963 -0.056142  
-0.015513 -0.017941  
-0.056407 -0.056286  
-0.118522 -0.118966  
-0.057645 -0.026243  
-0.108874 -0.108890  
-0.115045 -0.115090  
-0.193170 -0.194232  
-0.239270 -0.239766  
-0.144151 -0.144277  
-0.033063 -0.034444  
-0.078755 -0.078247  
