0.871361 0.346100  
0.257044 0.113735  
3.397669 0.428343  
0.247345 0.071766  
0.283558 0.052222  
0.739194 0.592782  
0.451324 0.062480  
0.091506 0.066122  
0.054476 0.042640  
0.118353 0.097551  
0.039362 0.032719  
0.110897 0.058863  
0.247372 0.166066  
0.062815 0.033420  
0.038491 0.033878  
0.229422 0.116731  
0.143100 0.084560  
0.057449 0.042933  
1.699674 0.176914  
0.125651 0.097230  
1.410624 0.826427  
0.612222 0.389006  
0.081663 0.072123  
0.163622 0.133527  
0.082416 0.030786  
0.029285 0.024630  
0.049268 0.041730  
0.302781 0.237759  
0.079946 0.074667  
0.324696 0.272878  
0.748145 0.442468  
0.437672 0.079493  
0.183010 0.166056  
0.267413 0.123010  
0.065997 0.052983  
0.140994 0.049994  
0.049921 0.037832  
0.057336 0.045553  
0.499061 0.325862  
0.663523 0.056482  
0.211791 0.088920  
0.226589 0.164516  
0.345102 0.287394  
0.207638 0.099982  
0.153746 0.110194  
0.327407 0.249033  
0.127895 0.035078  
0.089158 0.079468  
0.092977 0.062028  
0.062728 0.056956  
0.089602 0.060863  
0.046129 0.032280  
0.157276 0.071069  
1.355735 0.172765  
0.083560 0.068550  
0.915782 0.345312  
0.348278 0.221143  
0.103304 0.092601  
0.126118 0.081021  
0.665461 0.543992  
0.139086 0.087533  
0.059028 0.052730  
0.070655 0.055563  
0.136873 0.096972  
0.143533 0.034944  
0.049117 0.040384  
0.170216 0.118725  
0.035978 0.032088  
1.770170 1.222974  
0.047247 0.042236  
0.175690 0.138167  
0.100351 0.048440  
0.080330 0.058033  
0.090351 0.074554  
0.090018 0.062904  
0.184750 0.068282  
0.039343 0.028690  
0.040561 0.029362  
0.343379 0.287632  
924.803358 2.972850  
0.252887 0.197035  
0.043301 0.036628  
0.151752 0.075914  
1.344348 0.472138  
0.161197 0.076300  
0.128627 0.037814  
0.056353 0.043849  
0.039947 0.031758  
1.339346 1.077723  
0.426727 0.319455  
0.159950 0.125511  
0.099423 0.057518  
0.091415 0.071062  
0.045812 0.038059  
0.111385 0.065622  
0.117303 0.050694  
0.114319 0.053657  
0.084587 0.065725  
0.088521 0.063065  
0.536874 0.179796  
0.171147 0.089880  
0.305906 0.073621  
0.147694 0.109833  
0.257962 0.136842  
0.072692 0.064789  
0.058717 0.048079  
0.040758 0.036461  
0.072204 0.059971  
0.070124 0.060345  
0.057657 0.037772  
0.138860 0.096056  
0.093193 0.070443  
0.230602 0.177156  
1.855924 1.464295  
0.248482 0.084869  
0.505771 0.417380  
0.055882 0.034457  
0.103204 0.072787  
0.052800 0.045616  
0.105226 0.084286  
0.073646 0.052739  
0.062784 0.052285  
0.050318 0.044703  
19.028121 0.043104  
0.074240 0.063666  
0.571777 0.129982  
0.105572 0.082815  
0.087432 0.040700  
0.052510 0.045489  
13.051766 8.999355  
0.089458 0.075428  
0.128765 0.084539  
20.334778 1.981882  
0.160327 0.112664  
0.047427 0.040705  
0.210253 0.177238  
0.107326 0.074549  
0.079553 0.062878  
0.110198 0.066254  
0.035413 0.030242  
0.376116 0.333255  
1.405215 1.028086  
0.063967 0.048616  
12.215975 0.199156  
0.296877 0.248194  
0.059519 0.052328  
0.338548 0.177077  
1.160262 0.899300  
0.033755 0.027854  
0.081760 0.056081  
0.558851 0.454152  
4.798501 0.062512  
0.054157 0.045688  
0.319200 0.186066  
0.340860 0.215451  
0.049629 0.046587  
0.076908 0.065665  
1.461624 0.411828  
0.086403 0.036013  
0.039091 0.034381  
0.052019 0.044114  
1.008813 0.171655  
0.338989 0.153059  
0.941528 0.788265  
0.574961 0.280768  
0.106684 0.059636  
0.375242 0.324623  
0.261980 0.127858  
0.069243 0.047902  
0.036357 0.032743  
0.293414 0.097818  
0.053347 0.041051  
0.255920 0.152873  
0.269650 0.210762  
0.198432 0.104490  
0.177638 0.101395  
0.162802 0.069376  
0.061871 0.054175  
0.487775 0.130927  
0.696265 0.185093  
0.245883 0.182929  
0.099766 0.068113  
0.111831 0.044153  
1.616030 1.034737  
0.066639 0.055220  
0.081542 0.067876  
0.052277 0.040983  
0.079917 0.047248  
1.374831 0.414820  
0.044967 0.040269  
0.067085 0.030557  
0.042770 0.038699  
0.102266 0.075104  
0.120932 0.053275  
0.036473 0.031197  
0.047783 0.041598  
0.042642 0.036820  
0.072967 0.045507  
0.289247 0.241131  
0.067138 0.051139  
0.107830 0.088691  
0.094664 0.071241  
0.244769 0.126036  
0.095908 0.052054  
0.321028 0.114464  
0.195632 0.124230  
0.047241 0.030777  
0.127857 0.096094  
0.130864 0.115539  
0.420182 0.192058  
1.943380 1.211148  
0.062633 0.047732  
0.038405 0.033584  
0.420330 0.363106  
0.448392 0.332056  
0.127556 0.088153  
0.714935 0.502286  
0.069036 0.048465  
0.153050 0.121522  
0.818324 0.607210  
0.033301 0.030477  
0.040314 0.035037  
0.117260 0.103031  
0.066474 0.051483  
0.143425 0.084989  
0.736187 0.064774  
0.532549 0.155654  
0.066936 0.048746  
0.077589 0.061064  
0.091522 0.047896  
0.090952 0.041129  
0.037348 0.034389  
0.069684 0.048019  
0.090401 0.061843  
0.047991 0.037279  
0.181125 0.146635  
0.107172 0.080839  
2.064540 1.029320  
2.421998 0.033176  
0.036272 0.031232  
0.875598 0.537335  
0.034694 0.028422  
0.035765 0.029608  
0.152012 0.091138  
0.090751 0.070020  
0.163328 0.076148  
0.106102 0.093308  
1.955091 0.442103  
0.091885 0.064970  
0.232236 0.173736  
0.154185 0.125160  
27.330870 24.042123  
0.136759 0.073023  
0.077532 0.067753  
0.126399 0.039124  
0.171006 0.035200  
0.119891 0.099699  
1.221452 0.234401  
0.161456 0.041239  
0.044302 0.036263  
0.148010 0.088331  
0.064004 0.034940  
0.248913 0.167881  
0.060498 0.044578  
0.107185 0.081069  
0.186876 0.166584  
0.083330 0.054749  
0.045859 0.033661  
0.331268 0.223635  
0.070025 0.039748  
0.064675 0.049149  
0.268793 0.192117  
0.246112 0.172434  
0.130932 0.078223  
0.198401 0.079860  
3.548502 0.147018  
0.188818 0.121258  
0.237668 0.203432  
0.139884 0.098621  
0.065641 0.048287  
0.282310 0.094154  
2.104933 0.682622  
0.055799 0.045124  
0.052017 0.039386  
0.041187 0.036491  
0.136951 0.097793  
0.118824 0.100528  
0.130628 0.103659  
0.041567 0.037069  
0.093580 0.082308  
0.172887 0.137531  
0.586822 0.042900  
0.383471 0.104555  
0.059734 0.050266  
0.609862 0.355578  
1.793579 1.051088  
1.172950 0.314097  
0.119197 0.094193  
0.133545 0.103274  
0.181797 0.150546  
0.276868 0.177180  
0.068799 0.058672  
2.045061 0.415788  
0.033704 0.030650  
0.112852 0.094492  
0.055932 0.047301  
0.042465 0.038178  
0.968845 0.056716  
0.125419 0.100613  
0.127521 0.067027  
0.110916 0.083558  
0.030404 0.027594  
0.187480 0.133729  
0.302202 0.228928  
0.118890 0.071002  
0.054235 0.047470  
0.103161 0.085017  
0.092231 0.045790  
0.099016 0.075401  
0.400883 0.335232  
0.079608 0.057092  
0.074627 0.051997  
0.276374 0.175325  
0.131714 0.086754  
0.037870 0.032622  
0.066261 0.054499  
0.837099 0.655867  
0.092106 0.047533  
0.057426 0.044670  
0.066775 0.054390  
0.131385 0.105414  
0.117221 0.097343  
0.199269 0.165444  
0.055155 0.045383  
0.939878 0.469513  
0.070167 0.053892  
0.051420 0.034441  
0.067248 0.051708  
0.060772 0.051968  
0.169335 0.113605  
0.146315 0.098192  
0.395759 0.303471  
0.527677 0.459517  
0.281773 0.086694  
0.113139 0.100076  
0.120396 0.065564  
0.341374 0.226495  
0.032963 0.028804  
0.059707 0.045177  
0.476724 0.049524  
0.081619 0.056401  
0.158575 0.129848  
0.040683 0.031138  
5.881403 1.004988  
0.113973 0.080909  
0.034857 0.030817  
0.423049 0.175259  
0.048281 0.026994  
0.689728 0.177163  
0.080378 0.060412  
0.796600 0.158271  
0.119670 0.044529  
0.076612 0.061936  
0.047954 0.042668  
0.047117 0.038220  
0.084427 0.063464  
0.096402 0.079567  
0.077257 0.034831  
0.063644 0.038977  
0.121493 0.084417  
0.215993 0.113246  
0.408974 0.145074  
0.068413 0.056528  
0.310180 0.081291  
0.197517 0.080188  
0.358442 0.222901  
0.031637 0.028273  
0.051923 0.042152  
0.068051 0.048411  
92.635420 6.986924  
0.302511 0.164009  
0.060006 0.047458  
0.100050 0.059364  
0.069472 0.057202  
3.417119 2.104902  
0.146491 0.120092  
0.065721 0.049228  
0.391915 0.080653  
13.877311 3.616129  
0.047390 0.039293  
0.123916 0.094694  
0.327768 0.083884  
8.087818 2.450566  
0.048536 0.041741  
0.224679 0.056597  
0.140203 0.123597  
0.055307 0.043171  
0.190589 0.045326  
0.085160 0.042198  
0.242081 0.161192  
0.207009 0.190284  
0.255617 0.078838  
0.131390 0.107052  
0.045309 0.033873  
0.163725 0.101436  
0.079965 0.072693  
0.111936 0.081018  
0.041504 0.036974  
0.058317 0.049908  
0.031247 0.025349  
0.927657 0.248540  
2.600145 2.248970  
0.170903 0.126419  
0.065883 0.046240  
0.085081 0.057817  
0.114453 0.087033  
0.136702 0.106920  
1.488446 1.340217  
0.119835 0.094630  
3.512808 0.294940  
0.110462 0.093583  
0.558746 0.356608  
0.045714 0.040466  
0.065629 0.057168  
0.104698 0.053130  
0.108300 0.097858  
0.065474 0.045563  
0.059392 0.044688  
0.251940 0.230373  
0.102646 0.065950  
0.069929 0.052784  
0.138605 0.114203  
0.079119 0.067705  
0.055901 0.038748  
0.957568 0.406282  
0.103989 0.078479  
0.094218 0.072741  
0.102027 0.060820  
0.215556 0.037473  
0.094161 0.039171  
0.480616 0.075418  
0.151167 0.089575  
0.098275 0.080332  
0.145202 0.115504  
0.330056 0.271058  
0.053560 0.048057  
0.392248 0.318962  
0.131208 0.043008  
0.347218 0.080076  
0.288896 0.086963  
2.295511 0.904110  
0.134670 0.036098  
0.230268 0.144098  
0.164689 0.060399  
0.200835 0.150377  
0.056833 0.045749  
0.125435 0.096210  
0.087205 0.044782  
0.113810 0.048571  
0.037546 0.034287  
0.038641 0.032780  
0.048484 0.038311  
1.148783 1.008936  
0.635160 0.106809  
0.078418 0.053940  
0.054215 0.046423  
0.056702 0.049213  
1.208210 0.331490  
0.483615 0.084110  
0.035177 0.028852  
6.373673 5.357976  
0.309506 0.184427  
0.047239 0.035468  
0.163038 0.053510  
0.133785 0.036338  
19.805859 0.611159  
0.135069 0.036769  
0.177721 0.133458  
0.035477 0.032299  
0.103511 0.090249  
0.035089 0.030216  
0.133183 0.089597  
0.599297 0.264805  
0.147191 0.123117  
0.056554 0.045619  
0.082900 0.052100  
0.657625 0.573548  
0.046070 0.032282  
0.086412 0.053209  
0.315502 0.242596  
0.154196 0.067216  
0.054928 0.041471  
1.018053 0.152721  
0.294771 0.077615  
0.103738 0.035256  
0.073688 0.062599  
0.044838 0.038586  
0.276767 0.235892  
0.035562 0.031623  
0.056495 0.043207  
0.153851 0.054174  
39.236941 1.784118  
1.170672 0.872465  
0.079662 0.069681  
4.672130 0.142356  
0.053118 0.047030  
0.077179 0.064737  
0.050386 0.036482  
0.580274 0.053602  
6.287732 0.801379  
0.120617 0.108948  
0.750358 0.259044  
0.053703 0.045084  
0.091554 0.055414  
0.041109 0.034768  
0.050244 0.046644  
0.359740 0.260201  
0.077010 0.052043  
0.461287 0.115010  
0.063730 0.054558  
0.071440 0.061249  
0.080729 0.048367  
0.765420 0.110640  
0.916243 0.368607  
0.251013 0.215802  
0.056621 0.048073  
0.444485 0.160031  
0.146625 0.131151  
0.588959 0.084606  
0.175628 0.048336  
0.061835 0.053459  
0.302666 0.107378  
0.496383 0.446054  
0.393790 0.182970  
0.135914 0.113963  
0.244605 0.206356  
0.097058 0.046758  
1.490325 0.065323  
0.432396 0.350657  
0.883878 0.315447  
0.042846 0.037793  
0.050207 0.038507  
0.064985 0.056397  
0.057054 0.051176  
1.588174 0.622615  
0.046696 0.041435  
6.493849 5.647915  
0.119752 0.095273  
0.876613 0.467566  
0.049069 0.039413  
0.350078 0.041681  
0.142869 0.094130  
0.090495 0.068126  
0.088681 0.049869  
0.366454 0.077790  
0.065134 0.047330  
0.100307 0.088053  
0.468399 0.216656  
0.358564 0.131024  
0.056917 0.048203  
0.067483 0.057688  
0.096528 0.072527  
0.243375 0.190624  
0.201125 0.140497  
0.055194 0.047630  
0.251547 0.133127  
0.098852 0.076660  
0.092460 0.065548  
0.139107 0.089878  
0.682189 0.288831  
0.536872 0.227953  
0.155924 0.128138  
0.047790 0.041360  
0.031931 0.027521  
0.081955 0.073275  
0.162541 0.129207  
1.006037 0.474237  
0.100154 0.053848  
0.049038 0.040624  
0.102490 0.089861  
0.214854 0.140598  
0.096384 0.082686  
0.324467 0.286439  
0.052257 0.037998  
5.511337 0.252679  
0.066704 0.054817  
3.369013 1.440225  
0.361221 0.251194  
1.804370 1.576869  
0.369833 0.290811  
0.134447 0.097858  
0.303156 0.157409  
0.035978 0.031188  
0.045044 0.036012  
0.064625 0.052031  
0.050582 0.041031  
0.066395 0.060435  
0.114869 0.104054  
0.123661 0.095882  
0.081552 0.062147  
0.261585 0.053280  
0.042850 0.033335  
0.075588 0.040432  
0.126333 0.076006  
4.616854 1.144282  
1.513390 1.076324  
0.069149 0.061809  
0.111946 0.062067  
0.034687 0.030300  
0.157536 0.075672  
0.076659 0.053533  
0.060887 0.040176  
0.037725 0.026955  
0.390353 0.333373  
0.514134 0.320467  
0.746419 0.097094  
0.052631 0.045151  
0.132561 0.097081  
1.065099 0.748786  
1.033548 0.295820  
0.085415 0.065487  
0.053585 0.043113  
0.148822 0.090385  
0.175951 0.117671  
0.123983 0.071545  
0.077540 0.059457  
0.128833 0.081243  
0.085007 0.062494  
0.045093 0.034850  
0.125087 0.096714  
0.086809 0.065849  
0.050042 0.040104  
0.043479 0.038667  
0.238450 0.164246  
0.145562 0.112598  
0.154396 0.132818  
0.177286 0.140199  
0.060358 0.037138  
2.071238 0.350647  
0.048694 0.042361  
0.091946 0.065367  
0.129665 0.100672  
0.080968 0.029106  
0.040208 0.035724  
0.409056 0.144507  
1.712738 1.410013  
0.046649 0.037113  
0.049408 0.041394  
0.130410 0.098291  
0.137971 0.077743  
0.072252 0.042332  
0.066710 0.058409  
0.096290 0.082730  
0.106208 0.081516  
0.083378 0.055941  
0.209447 0.160831  
0.119195 0.098574  
0.045732 0.035131  
0.037433 0.027893  
0.234036 0.175801  
0.121712 0.101883  
0.207165 0.102821  
0.303190 0.246143  
0.140672 0.112714  
0.366943 0.191212  
0.641216 0.098950  
0.075429 0.058576  
0.090019 0.079154  
0.054348 0.049515  
0.691536 0.579387  
0.150646 0.036156  
2.628104 2.062249  
0.098007 0.084456  
0.617408 0.175399  
0.065229 0.051075  
0.971938 0.525703  
11.007903 0.421964  
0.052941 0.044287  
0.245888 0.219482  
0.079421 0.063910  
131.041854 7.071041  
0.137425 0.042221  
0.134459 0.106099  
0.042455 0.037675  
0.935704 0.517841  
0.038169 0.029957  
0.065711 0.057155  
5.897375 0.056947  
0.081534 0.054192  
0.557858 0.386024  
0.049607 0.039316  
0.114507 0.086509  
0.158900 0.127943  
0.200284 0.155621  
0.173391 0.149391  
0.069340 0.052719  
0.200695 0.141555  
2.126288 1.021070  
0.078711 0.050835  
0.056528 0.046808  
0.072355 0.050360  
0.225990 0.200199  
0.151838 0.070276  
0.671093 0.563707  
0.414995 0.352349  
0.098303 0.056108  
0.144565 0.109322  
0.030994 0.027891  
0.546548 0.176532  
0.087419 0.067800  
0.146628 0.064197  
0.078676 0.062207  
0.082689 0.059089  
0.357216 0.131711  
0.156129 0.038708  
0.063489 0.047230  
1.674588 0.909791  
0.596220 0.104623  
0.036333 0.032075  
0.852317 0.541599  
0.054308 0.047170  
0.357636 0.117165  
0.590311 0.049744  
0.096893 0.084892  
0.077631 0.060415  
0.101844 0.091723  
0.363792 0.156143  
0.102182 0.048989  
0.845824 0.602112  
0.081491 0.057337  
0.068311 0.063034  
0.138409 0.095240  
0.137837 0.070450  
0.077426 0.062340  
0.046059 0.038739  
16.051511 0.771852  
0.109452 0.097040  
0.261138 0.171459  
0.048673 0.036135  
0.113289 0.034505  
0.071111 0.058877  
0.214376 0.094937  
0.161544 0.121299  
0.075697 0.065468  
0.042759 0.030758  
0.040788 0.035435  
0.066497 0.042520  
0.086337 0.055179  
0.144163 0.124453  
0.224821 0.097451  
0.063206 0.050825  
0.243306 0.163616  
0.091940 0.061019  
0.246294 0.081746  
0.069176 0.034750  
0.149142 0.123926  
0.123765 0.089401  
0.098465 0.051720  
1.926402 0.072953  
0.642449 0.506625  
0.099194 0.062548  
2.330032 0.107146  
3.468488 0.076011  
0.143062 0.102451  
0.919348 0.098916  
0.100947 0.043496  
0.043863 0.031329  
0.132337 0.104991  
0.533359 0.170137  
0.101246 0.081732  
0.185039 0.116091  
0.064976 0.053287  
0.106523 0.097382  
0.049020 0.035697  
0.062796 0.050164  
0.244713 0.051054  
0.036221 0.029939  
0.078046 0.057206  
0.054432 0.044623  
0.126546 0.111988  
0.079532 0.057030  
1.103344 0.091430  
0.405078 0.126818  
0.036897 0.032644  
0.474926 0.311018  
0.063876 0.050961  
0.073427 0.064201  
1.374376 0.096398  
0.078590 0.064528  
0.063006 0.034600  
0.646303 0.301831  
0.065981 0.051710  
0.064133 0.052111  
0.131393 0.082038  
0.119865 0.083798  
0.113605 0.085190  
0.103566 0.077420  
0.050666 0.036181  
0.298972 0.218991  
0.115309 0.104394  
0.062958 0.036573  
0.078483 0.062537  
0.079548 0.060268  
0.128751 0.111396  
0.210750 0.185071  
0.154526 0.128011  
2.086447 1.822371  
0.090307 0.040861  
0.133594 0.102242  
0.047276 0.041451  
0.375516 0.216188  
0.150229 0.109508  
0.609645 0.423028  
0.624072 0.060466  
0.178359 0.138671  
0.250066 0.106486  
0.383345 0.074119  
0.049652 0.044573  
0.090275 0.081328  
0.034638 0.030894  
0.046936 0.040575  
0.175332 0.148596  
0.711690 0.077098  
1.946121 0.098090  
3.087119 1.426384  
0.140593 0.092141  
0.104246 0.069004  
0.069838 0.053662  
0.642476 0.092547  
0.144068 0.053540  
0.257947 0.050629  
0.130984 0.065684  
0.044591 0.026811  
0.091443 0.069002  
0.064851 0.047294  
0.052295 0.045651  
0.109752 0.089443  
0.050873 0.039575  
0.177574 0.139007  
0.034526 0.031653  
0.069028 0.048008  
0.193691 0.105444  
0.289354 0.194242  
0.656558 0.210612  
0.062884 0.055186  
0.063672 0.040068  
0.075151 0.062285  
0.487785 0.287630  
0.320669 0.105205  
0.063587 0.044951  
0.239089 0.107592  
0.122675 0.097217  
0.044142 0.032828  
2.489313 0.131044  
0.155607 0.132990  
0.394162 0.232608  
0.046917 0.037843  
0.053568 0.042176  
5.159603 0.143319  
0.085159 0.069859  
0.151637 0.135652  
0.489329 0.371336  
0.038344 0.028632  
0.179482 0.150648  
0.042908 0.037268  
0.087553 0.066132  
0.179348 0.097198  
0.074208 0.045675  
0.094751 0.084316  
0.114858 0.092877  
0.101396 0.085791  
0.613583 0.192498  
0.162605 0.144495  
0.071622 0.055980  
0.052321 0.043406  
2.226816 0.045778  
0.067239 0.059835  
0.067993 0.058396  
0.212436 0.087331  
0.047085 0.040887  
1.046920 0.069947  
0.238154 0.188442  
0.151197 0.047930  
0.100536 0.081354  
0.076518 0.062224  
0.051502 0.032040  
0.304419 0.259221  
0.098004 0.033865  
0.059956 0.051184  
0.057617 0.043187  
0.104012 0.087609  
0.089679 0.058417  
0.078076 0.051971  
0.395251 0.081702  
0.058047 0.051301  
0.058935 0.052682  
0.043405 0.034776  
0.312418 0.262950  
0.050075 0.045599  
0.118245 0.065087  
0.034387 0.031059  
0.306100 0.103995  
0.076994 0.065365  
0.673438 0.422604  
0.050965 0.044180  
0.050687 0.046895  
15.846066 1.333553  
0.353491 0.274590  
1.457797 0.510032  
0.032149 0.028224  
0.069203 0.048639  
0.107977 0.038013  
0.555378 0.086606  
0.197908 0.106097  
0.146535 0.121134  
0.032327 0.028980  
0.185092 0.136328  
0.052321 0.041885  
0.555823 0.158466  
0.057387 0.048606  
0.752498 0.576190  
0.072098 0.057328  
0.208084 0.157697  
0.110055 0.082796  
0.127959 0.114048  
0.281100 0.236316  
0.085851 0.063882  
0.136772 0.055812  
0.113054 0.089319  
0.229753 0.162794  
0.043153 0.038527  
0.291606 0.143090  
0.041448 0.035125  
0.143775 0.096040  
0.106505 0.084032  
0.051710 0.038723  
0.093679 0.066870  
0.215031 0.132815  
0.314670 0.253841  
0.222040 0.161631  
0.042629 0.036934  
0.039719 0.035139  
0.037397 0.033005  
0.185440 0.104025  
0.067501 0.046249  
0.287223 0.178630  
0.037480 0.032399  
0.084299 0.058506  
0.073422 0.047442  
0.166082 0.086482  
0.230238 0.043639  
0.323602 0.246216  
0.045056 0.030678  
0.052759 0.040310  
0.052074 0.032506  
0.397984 0.060526  
0.179686 0.159871  
1.198971 0.429130  
0.247624 0.080287  
3.991177 3.288350  
1.009840 0.723353  
0.061712 0.046055  
0.047701 0.040232  
0.320410 0.180884  
0.216958 0.175889  
0.124825 0.101238  
0.103978 0.041349  
0.155096 0.119367  
0.095071 0.082242  
0.336625 0.067341  
0.040769 0.029315  
2.194776 0.330663  
0.063161 0.040479  
0.394439 0.341917  
0.167362 0.100086  
0.044275 0.034034  
0.047315 0.039325  
0.053817 0.040385  
0.910698 0.081808  
0.038061 0.031809  
0.106259 0.076704  
0.042270 0.036134  
0.091759 0.064644  
0.177333 0.098958  
0.102852 0.053903  
0.122212 0.044883  
0.122784 0.045427  
0.043416 0.036883  
2.505072 0.086858  
0.075795 0.055298  
0.097873 0.069798  
1.857746 1.665876  
0.471908 0.357178  
0.311738 0.093470  
0.095387 0.079698  
0.100003 0.062777  
0.094610 0.073390  
0.100339 0.067103  
0.295302 0.255006  
0.101919 0.057136  
