-0.028892 -0.028634  
-0.119529 -0.106789  
-0.082754 -0.066019  
-0.476671 -0.286675  
-0.079080 -0.057745  
-0.077463 -0.062148  
-0.849252 -0.072632  
-0.585302 -0.015601  
-0.430953 -0.409274  
-0.281681 -0.178186  
-0.083699 -0.072025  
-0.068954 -0.059351  
-0.255796 -0.180661  
-0.102001 -0.074777  
-0.081383 -0.072115  
-0.592961 -0.557848  
-0.093619 -0.079625  
-0.875757 -0.639286  
-0.075391 -0.068354  
-0.630720 -0.608032  
-0.068658 -0.053400  
-0.509564 -0.459463  
-0.245787 -0.189115  
-0.060527 -0.060285  
-0.530778 -0.375698  
-0.134371 -0.109657  
-0.508184 -0.442203  
-0.972424 -0.906780  
-0.492538 -0.461320  
-0.090188 -0.070471  
-0.598353 -0.435483  
-0.459426 -0.345238  
-0.055793 -0.043018  
-0.061962 -0.051725  
-0.076404 -0.067827  
-0.403855 -0.273169  
-0.123662 -0.092340  
-0.068722 -0.058174  
-0.116414 -0.094349  
-0.073232 -0.059211  
-0.067704 -0.057978  
-0.076888 -0.062923  
-0.070694 -0.068647  
-0.052227 -0.043628  
-0.106633 -0.082626  
-0.101099 -0.095710  
-0.783371 -0.064139  
-0.093702 -0.085667  
-0.329189 -0.243144  
-0.080769 -0.067885  
-0.563188 -0.458945  
-0.907809 -0.768475  
-0.048306 -0.046394  
-0.092582 -0.082457  
-0.743969 -0.686843  
-0.092402 -0.072896  
-0.553430 -0.507024  
-0.490417 -0.241870  
-0.143231 -0.098331  
-0.562108 -0.310811  
-0.289025 -0.173342  
-0.095260 -0.084920  
-0.354570 -0.296051  
-0.034219 -0.031766  
-0.073606 -0.065321  
-0.113079 -0.104434  
-0.056887 -0.053206  
-0.053705 -0.047226  
-0.434234 -0.415803  
-0.147665 -0.122328  
-0.212058 -0.134599  
-0.113901 -0.081860  
-0.073534 -0.064231  
-0.083568 -0.073989  
-0.065965 -0.062757  
-0.758231 -0.517977  
-0.426260 -0.281198  
-0.199861 -0.180608  
-0.739163 -0.663466  
-0.049971 -0.039267  
-0.082904 -0.069518  
-0.362882 -0.325519  
-0.516841 -0.289903  
-0.063771 -0.056781  
-0.021601 -0.021660  
-0.866442 -0.824497  
-0.631020 -0.336053  
-0.144557 -0.139427  
-0.051764 -0.051599  
-0.741971 -0.141515  
-0.583027 -0.273371  
-0.664426 -0.530485  
-0.532565 -0.116884  
-0.617422 -0.422484  
-0.526452 -0.373279  
-0.794794 -0.671826  
-0.725892 -0.677142  
-0.337157 -0.309149  
-0.819333 -0.266475  
-0.096181 -0.084307  
