0.041082 0.044060  
0.067284 0.087103  
0.010317 0.064049  
1.880692 3.103208  
0.051770 0.074825  
0.055718 0.079040  
-0.524827 0.047008  
-0.386903 0.215435  
0.156887 0.172568  
-0.147557 0.043911  
0.047544 0.074870  
0.045724 0.050330  
0.033898 0.091154  
-0.022393 0.057062  
0.077278 0.088403  
0.123136 0.175312  
0.079224 0.096606  
-0.230278 0.077876  
0.061515 0.068657  
0.165008 0.195759  
0.036670 0.061503  
0.089423 0.137184  
0.018670 0.101506  
0.058966 0.065866  
-0.177872 0.051865  
0.083527 0.114614  
0.042523 0.110757  
-0.093552 0.077315  
0.143359 0.168698  
0.053329 0.082617  
-0.140754 0.063200  
-0.076094 0.066264  
0.002560 0.039609  
0.052293 0.070469  
0.072439 0.085559  
-0.051515 0.120199  
0.068937 0.106390  
0.050045 0.060276  
0.045676 0.087561  
0.058069 0.076512  
0.047189 0.054010  
0.053847 0.074971  
0.059473 0.063521  
0.062291 0.067393  
0.055308 0.084179  
0.099678 0.108789  
2.651232 6.115259  
0.044179 0.048716  
0.069518 0.134948  
0.043290 0.050825  
11.876674 15.846211  
5.149309 9.381391  
0.041244 0.048065  
0.090090 0.107745  
0.070568 0.262931  
0.066471 0.074069  
0.728059 0.951664  
-0.180785 0.083874  
0.060835 0.106189  
0.416388 1.232589  
-0.013987 0.093158  
0.043556 0.053280  
-0.091084 0.077104  
0.034144 0.038807  
0.052930 0.069686  
0.037631 0.041566  
0.050059 0.056586  
0.045836 0.055810  
0.146002 0.161647  
0.054389 0.096284  
-0.226939 0.030218  
0.061530 0.068489  
0.048959 0.053474  
0.050210 0.068427  
0.042194 0.048872  
-0.189020 0.709457  
-0.074241 0.069223  
0.088804 0.112116  
0.005296 0.117812  
0.026545 0.046414  
0.056599 0.081309  
0.106107 0.148413  
-0.108254 0.215903  
-0.591815 0.014219  
0.044751 0.049222  
0.132059 0.202803  
-0.359505 0.085751  
0.101054 0.112993  
0.057372 0.063987  
-0.454637 0.228830  
-0.243040 0.102031  
0.027371 0.139933  
0.413286 1.862047  
-0.115280 0.172328  
-0.124489 0.097262  
1.234573 1.936701  
0.262720 0.430169  
0.125880 0.152624  
-0.471119 0.142175  
0.076364 0.091902  
0.025918 0.042807  
0.230931 0.549186  
-0.239898 0.044026  
0.069241 0.157037  
0.195538 0.435761  
-0.054520 0.060292  
1.656347 1.961784  
0.122506 0.175938  
0.043751 0.048526  
0.084374 0.093713  
-0.153436 0.067094  
0.058197 0.078278  
0.055713 0.060995  
0.172473 0.208908  
0.054931 0.066005  
1.197607 2.606660  
0.115251 0.125494  
-0.017746 0.046174  
1.414617 2.572506  
0.035095 0.108389  
0.065915 0.071273  
-0.176650 0.038627  
-0.231491 0.032463  
0.035521 0.088157  
-0.352804 0.146050  
-0.035818 0.112023  
0.017854 0.129354  
-0.066447 0.111423  
-0.175702 0.309732  
-0.487333 0.329251  
-0.247192 0.036504  
0.086392 0.100583  
-0.162409 0.013563  
0.228560 0.706633  
0.061336 0.084115  
0.142400 0.193883  
0.020543 0.092007  
0.070356 0.080461  
-0.219469 0.118823  
0.047841 0.063919  
0.114022 0.130523  
-0.023160 0.106294  
0.036131 0.040414  
-0.119097 0.074301  
0.074135 0.451396  
0.041362 0.048861  
-0.126125 0.056507  
-0.069263 0.211676  
0.028756 0.052155  
0.073366 0.079233  
-0.410007 0.010212  
0.021541 0.065324  
0.007814 0.147977  
0.060685 0.126904  
0.046900 0.060149  
0.075732 0.144584  
0.040315 0.045942  
-0.001333 0.044554  
0.196141 0.217129  
0.081452 0.094854  
-0.173599 0.142991  
0.083596 0.122896  
0.136694 0.167747  
0.055026 0.068524  
0.017166 0.201861  
0.099857 0.170486  
-0.074958 0.076910  
0.134329 0.177109  
0.040025 0.123270  
0.153111 0.177228  
0.100966 0.121150  
0.017804 0.066325  
0.074242 0.084099  
-0.632457 0.383704  
0.071108 0.079259  
0.037753 0.041943  
-0.016084 0.107303  
-0.012305 0.072394  
0.941540 2.371492  
-0.197612 -0.202515  
0.072087 0.077285  
0.065422 0.096504  
0.072423 0.081776  
0.128231 0.189607  
0.087194 0.164085  
-0.261767 0.173409  
-0.067094 0.127980  
-0.188253 0.052094  
0.055758 0.073916  
-0.290970 0.111756  
-0.150535 0.035355  
0.132808 0.150108  
0.048177 0.052881  
1.759825 2.759551  
0.033924 0.037267  
0.098511 0.116127  
0.128890 0.158674  
0.088888 0.128087  
0.049929 0.066213  
-0.077700 0.194030  
0.024582 0.885974  
16.593389 20.552865  
0.037740 0.057360  
0.111667 0.143093  
0.078389 0.090166  
-0.231896 0.171684  
-0.372544 0.097626  
0.085739 0.098879  
0.067842 0.086670  
0.107192 0.627180  
0.098743 0.134071  
0.006693 0.136795  
-0.267967 0.081499  
0.072502 0.089575  
0.029749 0.071095  
0.161028 0.200361  
3.143907 3.724290  
4.152628 4.963326  
0.062531 0.109270  
0.077307 0.334694  
2.381931 5.058557  
0.048539 0.090068  
-0.273362 0.478641  
0.015792 0.500583  
0.073737 0.120846  
-0.057533 0.180155  
0.050927 0.065783  
0.051519 0.068187  
0.058941 0.065706  
-0.177207 0.120661  
0.040583 0.052079  
0.029215 0.037120  
0.037736 0.061348  
0.051324 0.057856  
-0.273256 0.062019  
-0.298577 -0.023995  
0.284157 0.775738  
-0.275422 -0.139806  
0.085787 0.109616  
0.139848 0.156973  
-0.067389 0.050036  
6.617748 8.858122  
-0.139258 0.078482  
-0.244477 0.069431  
-0.246142 0.169927  
0.054740 0.129501  
0.040687 0.051580  
0.029886 0.079921  
0.065900 0.094229  
0.011084 0.096695  
0.123015 0.136807  
0.057804 0.086353  
0.159181 0.179966  
0.137794 0.170245  
-0.028873 0.101656  
0.078276 0.097690  
0.064818 0.088737  
0.052922 0.057849  
-0.281305 0.543123  
0.070911 0.076084  
-0.127313 0.084178  
0.070874 0.082103  
0.115786 0.167787  
0.012415 0.052281  
-0.020036 0.089526  
0.042108 0.141928  
0.037087 0.039997  
-0.113803 0.151601  
0.125773 0.184353  
-0.236036 0.089019  
-0.113524 0.048282  
0.059432 0.064057  
0.045749 0.070019  
-0.129901 0.090432  
0.057241 0.063558  
-0.013033 0.069531  
-0.223295 0.055166  
-0.152404 0.041858  
-0.024937 0.207237  
-0.056285 0.085198  
-0.423629 0.089786  
0.346686 1.342601  
0.032812 0.056549  
-0.034738 0.325269  
0.034892 0.145063  
-0.151729 0.638706  
-0.367358 0.098745  
-0.284235 0.118965  
0.135930 0.155669  
0.121125 0.148563  
-0.126648 0.082337  
0.187460 0.205461  
0.079109 0.086532  
0.087187 0.104258  
10.344022 17.661571  
-0.344086 0.052901  
-0.071877 0.546929  
0.145821 0.163477  
0.039194 0.048219  
0.051772 0.065635  
0.064104 0.070728  
-0.237789 0.283944  
-0.289381 0.097418  
0.049220 0.116174  
-0.045441 0.073622  
-0.110409 0.405129  
0.044920 0.051502  
0.065601 0.139043  
0.001851 0.056115  
0.092822 0.138779  
0.104629 0.129094  
0.462214 1.097538  
0.050602 0.094633  
0.065682 0.074002  
0.068531 0.084091  
-0.198804 0.072636  
0.084740 0.093323  
0.076908 0.091246  
0.076155 0.098343  
0.142846 0.166317  
0.088816 0.095957  
-0.126475 0.030607  
0.067426 0.079448  
0.086924 0.119737  
0.038419 0.042114  
0.152647 0.256313  
-0.003765 0.062862  
-0.092171 0.309401  
0.063169 0.073119  
0.015637 0.050786  
0.070299 0.081299  
0.361580 1.056945  
-0.636009 0.004560  
0.064533 0.101966  
0.035182 0.058418  
0.052798 0.065139  
0.181185 0.202367  
0.053742 0.065209  
0.068524 0.074370  
0.094039 0.107790  
-0.251958 0.063711  
-0.280363 0.059030  
0.087378 0.120212  
0.021008 0.047453  
0.709193 1.817181  
0.051837 0.062394  
-0.005003 0.079100  
-0.045567 0.036636  
0.066663 0.073325  
-0.134488 0.158073  
0.051198 0.057689  
0.067780 0.113618  
0.059221 0.064535  
0.044935 0.051147  
3.983553 5.092229  
0.047806 0.107650  
-0.116041 0.184906  
-0.117873 0.138349  
0.039558 0.070670  
-0.209575 0.041408  
-0.019259 0.062825  
0.055713 0.068364  
0.091721 0.101859  
-0.141190 0.208519  
-0.004605 0.042565  
0.063943 0.088738  
-0.364243 0.060725  
0.045578 0.049131  
0.029809 0.046522  
-0.034692 0.135661  
0.079061 0.092423  
-0.334989 0.183318  
0.023778 0.039286  
0.171582 0.225391  
0.409473 0.612590  
0.128768 0.166764  
0.147567 0.180041  
0.251138 0.344204  
-0.537387 0.054991  
-0.152368 0.350803  
-0.212644 0.057700  
-0.179741 0.029924  
0.071396 0.085266  
0.054987 0.087585  
0.067369 0.076699  
0.030138 0.043016  
-0.101483 0.084987  
0.058301 0.078381  
-0.002987 0.052613  
0.039145 0.041930  
0.105008 0.125322  
-0.400193 0.005154  
-0.050150 0.093624  
-0.421265 0.161724  
0.003084 0.082178  
0.075256 0.080802  
0.503695 0.892562  
-0.253490 0.093523  
0.169440 0.182277  
0.054869 0.064717  
0.043396 0.053481  
0.043382 0.058549  
0.189085 0.215058  
0.061139 0.104710  
0.047465 0.089400  
0.091879 0.763259  
0.098240 0.134593  
0.036750 0.048344  
-0.041676 0.173782  
0.089542 0.161174  
0.250734 0.728211  
0.049281 0.067878  
0.054594 0.069304  
0.051242 0.108225  
0.025749 0.119724  
-0.205498 0.010312  
-0.085756 0.068098  
0.057358 0.076517  
0.040638 0.057374  
0.042824 0.047624  
0.004858 0.050893  
0.538782 0.793440  
0.048860 0.098595  
0.137336 0.308035  
0.071560 0.079883  
0.033797 0.233645  
-0.421157 0.292152  
-0.142758 0.201805  
0.040978 0.047821  
-0.042006 0.057678  
0.030699 0.286073  
0.002457 0.112067  
0.066691 0.085560  
-0.054361 0.081100  
0.172253 0.207219  
0.055927 0.060710  
0.054344 0.066938  
-0.158516 0.250219  
0.037772 0.061677  
0.029191 0.059160  
0.024861 0.034278  
0.041823 0.045344  
0.145110 0.159365  
0.686437 1.960658  
0.053858 0.064680  
-0.130321 0.100971  
0.064816 0.079400  
-0.028853 -0.016541  
-0.121596 0.052541  
-0.172480 0.048584  
-0.061713 0.091948  
0.101233 0.137093  
0.103044 0.112321  
0.064745 0.075700  
0.040462 0.045028  
0.048847 0.053733  
0.050389 0.127542  
-0.008210 0.140504  
0.035234 0.040483  
0.051932 0.061932  
-0.228320 0.046678  
0.011114 0.093250  
0.051766 0.056028  
0.107887 0.126426  
0.054167 0.065140  
-0.185782 0.531758  
0.065130 0.072651  
0.153583 0.169738  
0.038232 0.104902  
0.048547 0.057378  
0.103885 0.134593  
0.038896 0.075763  
-0.287304 0.045367  
2.067629 3.063078  
0.297689 0.521377  
1.760557 2.575903  
0.023058 0.146140  
-0.053590 0.052299  
-0.057433 0.199638  
-0.471744 0.032891  
0.047483 0.055677  
0.027622 0.066613  
0.071258 0.082811  
0.024016 0.077919  
0.040833 0.050362  
0.023601 0.057753  
-0.194650 0.693105  
0.133821 0.162264  
0.027612 0.050928  
-0.296125 0.139797  
0.065055 0.102399  
0.055694 0.099280  
0.092171 0.154821  
-0.004648 0.085313  
0.118123 0.150998  
0.145173 0.174296  
0.099879 0.106427  
0.090582 0.103524  
0.084342 0.097060  
0.051258 0.054811  
0.117151 0.139267  
0.068447 0.086756  
-0.064209 0.115031  
0.109550 0.120592  
-0.100911 0.173141  
0.056040 0.076821  
0.186129 0.204687  
0.086208 0.117403  
0.038204 0.042952  
0.071444 0.086537  
0.076269 0.080816  
-0.080607 0.084429  
-0.001244 0.049394  
0.115189 0.125202  
-0.264066 0.012577  
0.051612 0.093187  
0.059015 0.623686  
0.083068 0.108099  
0.086629 0.097922  
-0.550648 -0.000487  
0.123426 0.147123  
-0.432790 0.078465  
-0.090990 0.057808  
0.045567 0.061468  
0.056344 0.126059  
0.050327 0.058110  
0.045934 0.116844  
0.084902 0.103727  
0.183812 0.209394  
0.073186 0.167561  
-0.338569 0.143663  
-0.215883 0.109306  
0.065268 0.091901  
-0.271417 0.084995  
0.111071 0.142508  
-0.148408 0.241960  
-0.227854 0.036985  
-0.151541 0.037313  
0.040923 0.043612  
0.054076 0.062717  
0.066254 0.075076  
0.074781 0.082792  
0.058795 0.069989  
-0.081160 0.107698  
0.053952 0.076518  
0.041199 0.051002  
-0.063688 0.067968  
0.047088 0.080020  
-0.063931 0.232220  
0.072845 0.099721  
0.039703 0.079085  
0.061581 0.097580  
-0.031862 0.726020  
0.093853 0.105374  
-0.333074 0.228563  
-0.007494 0.046305  
0.045571 0.056205  
0.025255 0.099507  
-0.022406 0.051138  
0.029539 0.113822  
-0.132876 0.251342  
-0.189976 0.073916  
0.061481 0.071640  
0.064511 0.091023  
0.091764 0.101482  
-0.398502 0.190912  
-0.086359 0.587378  
0.060115 0.077355  
0.110940 0.131129  
0.083578 0.106751  
0.094644 0.120897  
0.030712 0.064949  
0.089636 0.114709  
-0.366216 0.144714  
0.108319 0.142877  
-0.709925 0.024089  
0.066471 0.086987  
0.004276 0.059185  
0.107430 0.173367  
0.059966 0.072624  
0.031814 0.037996  
0.039181 0.046732  
0.067350 0.078684  
0.029241 0.078535  
0.064344 0.075654  
0.033108 0.047568  
0.096766 0.149171  
-0.146150 0.147240  
0.092673 0.103495  
-0.153440 0.042521  
0.032611 0.075021  
-0.001202 0.196586  
-0.010836 0.047829  
0.574738 1.232604  
0.196576 0.233695  
0.052541 0.058481  
0.069808 0.077880  
-0.378703 0.523080  
0.103010 0.118402  
-0.460463 0.044049  
0.088394 0.103432  
-0.019119 0.059519  
0.110738 0.143006  
0.043298 0.067366  
0.031188 0.085871  
-0.557249 0.095460  
0.049153 0.127672  
0.085642 0.095061  
0.089905 0.115195  
0.198415 0.546104  
-0.146787 0.015342  
0.121257 0.142800  
0.047109 0.052663  
0.054279 0.080920  
0.134606 0.195613  
0.066820 0.077071  
1.024008 2.071647  
-0.075198 0.046811  
0.100792 0.133015  
0.119559 0.144918  
0.029306 0.055370  
0.098749 0.119162  
-0.286141 0.263426  
-0.035777 0.073513  
-0.017322 0.048485  
-0.364359 0.287929  
0.053532 0.058496  
0.168482 0.190749  
0.079255 0.131400  
-0.280704 0.114336  
0.113796 0.126920  
0.039673 0.044355  
0.031229 0.082533  
0.040333 0.052314  
0.066560 0.107407  
0.048682 0.063617  
0.044756 0.050335  
0.062610 0.683490  
0.038469 0.109336  
0.063882 0.082671  
-0.487108 0.421103  
-0.329202 -0.003305  
0.053750 0.059340  
-0.233342 0.065692  
2.531192 3.587179  
0.151832 0.169432  
0.032298 0.086398  
0.034842 0.054098  
0.021473 0.059729  
-0.054313 0.069730  
0.059684 0.067934  
0.085400 0.107858  
-0.078465 0.041734  
-0.092499 0.415426  
0.084576 0.102282  
-0.107154 0.042121  
0.045051 0.058240  
0.112851 0.137095  
-0.595716 0.014205  
-0.140559 0.046127  
0.069965 0.078448  
0.073532 0.812139  
-0.253457 0.064841  
-0.208326 0.182326  
0.036870 0.116381  
-0.068581 0.066992  
0.044930 0.066336  
0.113525 0.149572  
0.491446 0.989544  
-0.307491 0.293708  
0.079622 0.104177  
-0.064397 0.095376  
0.122925 0.171787  
-0.285817 0.159224  
0.087034 0.095886  
0.169472 0.184508  
-0.220269 0.177284  
1.013454 8.724299  
0.061339 0.138790  
0.006131 0.052112  
0.031163 0.043411  
0.010516 0.080768  
0.046570 0.168343  
-0.197709 0.064756  
0.069822 0.075933  
0.195966 0.856088  
-0.343119 -0.087187  
0.184909 0.203422  
0.094681 0.101951  
0.086955 0.094946  
-0.295689 0.092436  
0.072315 0.218821  
0.053820 0.077421  
-0.063334 0.230992  
0.043659 0.053425  
0.017028 0.056371  
0.171927 0.588280  
0.080920 0.099893  
0.028916 0.183144  
0.090699 0.103329  
0.069718 0.075979  
-0.086518 0.446371  
0.108384 0.139152  
0.061972 0.076827  
0.039633 0.050147  
-0.489457 -0.068971  
-0.034502 0.078954  
-0.103090 0.057471  
0.045534 0.055220  
-0.201236 0.038980  
0.017084 0.047626  
0.037427 0.047002  
-0.254588 0.048632  
0.847950 1.177642  
3.565455 4.955377  
-0.015985 0.083138  
0.089044 0.109863  
-0.656278 0.077799  
-0.091018 0.225136  
-0.345325 0.088199  
0.052752 0.062726  
0.109779 0.115066  
0.038375 0.050772  
0.041949 0.201824  
0.025094 0.130793  
-0.114769 0.069508  
-0.268296 0.231573  
0.034414 0.045713  
0.051872 0.057839  
0.022095 0.109226  
3.531393 5.838995  
0.070359 0.143131  
-0.196486 0.072621  
0.073946 0.084312  
0.549094 0.940125  
0.065548 0.086344  
0.109254 0.156442  
0.115941 0.151760  
0.053512 0.095004  
0.050459 0.059457  
0.068461 0.089860  
0.043549 0.046755  
0.053978 0.079405  
0.705006 1.118247  
0.086656 0.147131  
-0.202326 0.458579  
0.096439 0.145049  
0.010331 0.059663  
-0.372617 0.210047  
0.092487 0.100749  
0.040225 0.048103  
0.026780 0.053833  
-0.271307 0.031998  
0.065770 0.093624  
0.113680 0.125973  
0.040022 0.043647  
0.030926 0.038331  
-0.101238 0.186292  
0.073064 0.128273  
0.095541 0.122227  
0.063905 0.109888  
0.003732 0.096763  
0.048304 0.056240  
0.047932 0.061512  
0.096685 0.114298  
-0.689267 0.694465  
0.056031 0.088452  
0.038376 0.096784  
-0.167858 0.108012  
-0.057229 0.118908  
0.040008 0.083504  
-0.483465 0.074153  
-0.045458 0.045152  
0.121233 0.136962  
0.049340 0.056980  
0.126092 0.145341  
-0.320794 0.059140  
0.074492 0.102404  
-0.314406 0.062618  
0.035571 0.054852  
0.069623 0.112693  
0.024929 0.039485  
0.063211 0.097540  
0.109093 0.119915  
-0.470656 0.421215  
0.091163 0.107788  
0.041098 0.044577  
0.044831 0.154376  
-0.298060 0.004641  
-0.637147 0.166116  
-0.138412 0.183175  
0.068029 0.092208  
-0.028777 0.059650  
0.058638 0.080119  
0.090662 0.147556  
0.046669 0.130669  
0.056785 0.070961  
0.091336 0.105122  
0.070019 0.091873  
0.072528 0.094354  
-0.069415 0.316668  
-0.069150 0.108844  
0.043498 0.120590  
-0.113739 0.044587  
0.035126 0.041361  
-0.184654 0.114967  
0.022503 0.095898  
-0.262453 0.059086  
1.218202 1.919918  
0.010381 0.080790  
-0.398011 0.317583  
0.070749 0.125433  
0.042727 0.097369  
0.099724 0.145163  
0.045069 0.049354  
0.054277 0.074248  
0.037205 0.054192  
0.137867 0.158410  
0.015065 0.087526  
-0.166502 0.044741  
0.161748 0.208722  
0.049274 0.070855  
0.111813 0.165464  
0.056590 0.066754  
0.063359 0.070766  
-0.382385 0.067448  
-0.128978 0.163319  
0.104873 0.135412  
0.043716 0.082001  
-0.003112 0.074059  
-0.166041 0.037148  
0.047436 0.051282  
0.071877 0.133968  
-0.422333 0.052572  
0.047996 0.078502  
-0.094076 0.047480  
0.037640 0.045179  
0.049005 0.071599  
-0.128056 0.041681  
-0.198846 0.548683  
0.135169 0.178851  
-0.010323 0.484210  
0.404959 0.732960  
-0.241627 0.083618  
0.036680 0.044246  
-0.277312 0.072018  
-0.129304 0.062796  
0.089892 0.106190  
0.107799 0.167441  
-0.375244 0.134294  
-0.173112 0.033586  
-0.438068 0.658265  
0.095559 0.313003  
-0.380839 0.008774  
0.157716 0.194282  
-0.300535 0.087961  
0.065933 0.137642  
0.051761 0.062460  
-0.097509 0.078106  
0.054153 0.061870  
0.059326 0.075252  
0.062471 0.086944  
0.070182 0.093441  
-0.119398 0.105617  
0.063558 0.084446  
-0.148103 0.103116  
0.097944 0.120282  
0.077094 0.086542  
0.077315 0.102373  
0.108873 0.118645  
0.080330 0.094978  
0.119173 0.149802  
0.070547 0.124625  
0.224145 0.844442  
0.149192 0.201438  
0.077588 0.082676  
0.057040 0.063619  
0.015653 0.111821  
0.038776 0.097071  
0.077272 0.097087  
-0.213349 0.067460  
-0.046157 0.099306  
0.148351 0.821667  
-0.077924 0.102980  
2.645794 3.222280  
0.056167 0.088753  
0.073079 0.088678  
0.014797 0.093728  
0.044044 0.069874  
-0.121808 0.060710  
0.066326 0.081421  
0.023039 0.064906  
0.028449 0.086545  
0.172847 0.194673  
0.030401 0.046363  
0.060691 0.115838  
0.031647 0.040762  
3.315565 5.397731  
-0.475159 0.178000  
0.095480 0.121289  
-0.184772 0.236796  
0.048666 0.069835  
0.122808 0.142342  
0.073337 0.160146  
0.084560 0.092377  
-0.068671 0.073892  
-0.044764 0.083884  
0.012688 0.073939  
-0.030594 0.065517  
-0.384795 0.068604  
-0.061935 0.368635  
-0.607165 0.446565  
0.047166 0.057466  
-0.172947 0.049402  
0.047679 0.170577  
0.047242 0.058657  
0.028802 0.430337  
0.077756 0.090005  
0.127238 0.158094  
-0.005781 0.051990  
-0.305534 0.114782  
-0.186210 0.114898  
0.068503 0.085387  
0.038401 0.056956  
-0.481351 0.017489  
0.163144 0.222859  
0.200751 0.371820  
-0.074798 0.079515  
-0.107279 0.093287  
-0.109280 0.237868  
0.698269 0.903546  
0.055388 0.103055  
0.025501 0.062401  
0.086394 0.100275  
0.089380 0.172891  
0.215766 0.365819  
0.074216 0.110534  
0.049108 0.063883  
0.077877 0.089388  
0.096123 0.177186  
-0.028011 0.218632  
0.084671 0.099203  
-0.082806 0.274930  
0.122251 0.165129  
0.125415 0.144187  
0.034026 0.051264  
-0.669562 -0.012221  
0.057563 0.064557  
-0.090085 0.356196  
0.109639 0.125935  
-0.218293 0.048800  
0.089836 0.098448  
-0.289060 0.063550  
0.073522 0.080448  
0.035245 0.092790  
0.094095 0.126647  
-0.447648 0.054374  
0.693415 1.274996  
0.064448 0.096017  
0.082879 0.103085  
0.052447 0.070107  
-0.063600 0.157270  
0.150505 0.351835  
0.034998 0.100561  
-0.739786 0.015844  
-0.022880 0.074405  
-0.165284 0.077983  
-0.179258 0.065352  
-0.405888 0.250735  
0.106971 0.260426  
0.071313 0.081732  
-0.759160 0.080291  
-0.351803 0.201333  
0.123225 0.137584  
-0.019066 0.106828  
0.112509 0.157698  
-0.152588 0.071854  
3.204513 5.910338  
0.037647 0.043044  
0.043598 0.051956  
0.075948 0.699382  
0.002842 0.074191  
0.045194 0.054606  
0.168905 0.203253  
0.061654 0.108634  
-0.164540 0.074025  
0.051596 0.061668  
0.007621 0.200234  
-0.034878 0.072760  
0.071120 0.146193  
0.002427 0.096976  
0.072543 0.091762  
0.162066 0.190752  
0.078763 0.090584  
0.082510 0.090183  
0.643779 0.953726  
0.065867 0.091257  
0.141544 0.197701  
0.041738 0.046973  
0.040538 0.058635  
