0.038650 0.043190  
0.085848 0.104265  
0.066608 0.099900  
3.815392 3.961436  
0.088120 0.094216  
0.086883 0.101794  
0.232089 0.053403  
0.179030 0.238326  
0.199972 0.208878  
0.087642 0.106568  
0.047579 0.087841  
0.052538 0.058204  
0.129052 0.152911  
0.075907 0.103355  
0.098437 0.110271  
0.475197 0.496101  
0.098118 0.107186  
0.541365 0.609817  
0.074568 0.081381  
0.347703 0.353572  
0.084682 0.087940  
0.213659 0.242623  
0.131912 0.158049  
0.072452 0.079594  
0.140379 0.172418  
0.111492 0.135062  
0.208164 0.238193  
0.883284 0.936356  
0.240944 0.255249  
0.085527 0.104887  
0.186014 0.224705  
0.165428 0.188997  
0.025308 0.053029  
0.069499 0.075435  
0.091453 0.101508  
0.320812 0.356820  
0.112035 0.132889  
0.058039 0.064435  
0.095621 0.118980  
0.075351 0.091177  
0.063570 0.069635  
0.073959 0.083371  
0.060652 0.069233  
0.077001 0.079772  
0.089927 0.101406  
0.119722 0.127194  
5.894307 6.285825  
0.062039 0.066766  
0.164170 0.191248  
0.052152 0.061037  
20.543153 21.356053  
12.082721 12.612630  
0.042121 0.049503  
0.112956 0.122851  
0.797285 0.831032  
0.077391 0.083489  
1.786878 1.849248  
0.211748 0.256092  
0.110597 0.139308  
1.367420 1.509379  
0.109868 0.153197  
0.063163 0.071015  
0.103451 0.168373  
0.038997 0.042922  
0.077971 0.091978  
0.040945 0.044209  
0.054252 0.054396  
0.065780 0.068022  
0.194229 0.202653  
0.110980 0.131628  
0.065124 0.117817  
0.068663 0.075342  
0.058620 0.060668  
0.060431 0.071490  
0.056492 0.061024  
0.521237 0.793073  
0.201065 0.232005  
0.130807 0.148379  
0.301334 0.337622  
0.049519 0.057240  
0.094972 0.108215  
0.175311 0.179870  
0.443279 0.489515  
0.001703 0.084937  
0.050888 0.057213  
0.532630 0.566814  
0.215427 0.206961  
0.122124 0.133843  
0.063889 0.065036  
0.267856 0.344132  
0.249236 0.287989  
0.337871 0.377337  
1.571568 1.754026  
0.475410 0.545609  
0.230569 0.241106  
3.340083 3.503424  
1.101724 1.163205  
0.171517 0.182301  
0.274421 0.350592  
0.102899 0.110601  
0.041721 0.047110  
0.950266 1.010938  
1.013351 1.092898  
0.327220 0.377639  
1.619519 1.723078  
0.086359 0.113532  
3.348884 3.467517  
0.301790 0.331822  
0.057630 0.059582  
0.094974 0.103195  
0.149569 0.200735  
0.075432 0.082787  
0.063589 0.071097  
0.359294 0.380419  
0.064333 0.071946  
2.440235 2.430161  
0.121107 0.130138  
0.038940 0.068245  
2.938706 3.034784  
0.126208 0.165358  
0.071035 0.077143  
0.100349 0.158518  
0.104378 0.149379  
0.117305 0.137469  
0.556798 0.664428  
0.326310 0.360214  
0.269754 0.288246  
0.332821 0.370469  
0.393007 0.456339  
0.456285 0.550070  
0.118228 0.158732  
0.099824 0.110087  
0.042810 0.114755  
1.335741 1.436612  
0.089658 0.102810  
0.478486 0.505527  
0.107312 0.149543  
0.090432 0.098994  
0.129770 0.160540  
0.060105 0.072059  
0.170108 0.172021  
0.318076 0.367006  
0.040258 0.044152  
0.183680 0.215751  
1.134514 1.212995  
0.051132 0.056893  
0.083624 0.133076  
0.427837 0.487249  
0.054907 0.034828  
0.091151 0.095619  
0.109676 0.174520  
0.070975 0.099958  
0.607241 0.653693  
0.170633 0.204045  
0.060401 0.068149  
0.240528 0.303868  
0.038671 0.048927  
0.014624 0.035246  
0.282534 0.291036  
0.098632 0.110225  
0.306732 0.318014  
0.135895 0.161523  
0.177298 0.195615  
0.065411 0.074904  
0.624561 0.672397  
0.453730 0.473408  
0.226339 0.251883  
0.250557 0.275117  
0.177988 0.213304  
0.198373 0.213813  
0.133795 0.147897  
0.075389 0.083577  
0.083858 0.091962  
0.589174 0.736142  
0.085525 0.096264  
0.043517 0.046948  
0.304884 0.334614  
0.089780 0.119393  
2.268620 2.393753  
0.244103 1.413458  
0.089891 0.094849  
0.118808 0.137755  
0.085275 0.091141  
0.368271 0.392099  
0.285917 0.317709  
0.114301 0.162606  
0.402835 0.443425  
0.133381 0.167755  
0.081478 0.100360  
0.084968 0.149286  
0.077836 0.107973  
0.164180 0.169780  
0.062548 0.066006  
4.138457 4.338871  
0.037454 0.044353  
0.119698 0.132345  
0.185603 0.207641  
0.148815 0.171515  
0.060743 0.074467  
0.360683 0.406043  
0.904589 0.973963  
25.915104 26.840998  
0.046978 0.031873  
0.204098 0.216575  
0.092383 0.107573  
0.139363 0.203394  
0.069307 0.143164  
0.098238 0.109471  
0.071038 0.087415  
1.546654 1.690749  
0.210654 0.227019  
0.416726 0.446776  
0.081977 0.106636  
0.103235 0.116307  
0.085396 0.119866  
0.304046 0.323784  
5.393649 5.568756  
7.460341 7.683205  
0.119430 0.143630  
0.712277 0.768089  
5.316861 5.632842  
0.106541 0.128208  
0.611956 0.704633  
0.671857 0.728308  
0.155703 0.185837  
0.543165 0.602287  
0.072079 0.083755  
0.074187 0.086875  
0.071674 0.073275  
0.165435 0.204000  
0.055104 0.064328  
0.053674 0.064829  
0.063304 0.066818  
0.065259 0.067487  
0.061870 0.089374  
0.056217 0.116526  
1.228451 1.318522  
0.078253 0.120349  
0.119763 0.187303  
0.178399 0.191263  
0.058261 0.093689  
11.595351 11.986016  
0.180977 0.195788  
0.142429 0.175693  
0.192645 0.240992  
0.182491 0.220079  
0.043102 0.051838  
0.108860 0.134603  
0.096857 0.116784  
0.159770 0.186387  
0.141500 0.152973  
0.092714 0.107252  
0.208161 0.212388  
0.214789 0.235657  
0.246331 0.271863  
0.103435 0.120175  
0.096131 0.094714  
0.059861 0.068206  
0.467978 0.585421  
0.079866 0.083912  
0.192245 0.233964  
0.082887 0.085482  
0.241709 0.266932  
0.077860 0.098370  
0.128891 0.171784  
0.285953 0.321899  
0.053286 0.057733  
0.292421 0.330586  
0.356021 0.375747  
0.074772 0.116758  
0.152252 0.165627  
0.062841 0.067903  
0.073252 0.091733  
0.718817 0.784521  
0.064793 0.070590  
0.116482 0.144698  
0.077762 0.109057  
0.076942 0.107468  
0.512359 0.550756  
0.212606 0.242023  
0.107095 0.143346  
2.630454 2.827762  
0.067815 0.086818  
0.579015 0.641654  
0.377363 0.423284  
0.605463 0.685432  
0.373676 0.438303  
0.134958 0.179305  
0.182517 0.195197  
0.169026 0.180783  
0.245650 0.326946  
0.289669 0.306901  
0.091709 0.098765  
0.114286 0.139008  
36.108846 36.709205  
0.168755 0.268186  
0.621511 0.729212  
0.190374 0.205877  
0.050799 0.066501  
0.084017 0.099993  
0.071543 0.078447  
0.391293 0.470042  
0.089166 0.130236  
0.200182 0.218869  
0.096849 0.123343  
1.101395 1.210489  
0.069810 0.073468  
0.204658 0.235645  
0.052029 0.077635  
0.183026 0.199335  
0.133926 0.145562  
1.313028 1.404270  
0.120655 0.145775  
0.075674 0.076231  
0.089165 0.099492  
0.220904 0.265573  
0.104483 0.105022  
0.105036 0.120438  
0.100572 0.120654  
0.188074 0.201517  
0.101394 0.105714  
0.074356 0.102892  
0.079638 0.090015  
0.127470 0.148735  
0.051708 0.053043  
0.813437 0.856608  
0.091445 0.118130  
0.635431 0.685706  
0.075051 0.084107  
0.061523 0.075154  
0.071269 0.081207  
1.064891 1.168817  
0.129090 0.142049  
0.122613 0.167722  
0.066859 0.078862  
0.054968 0.065157  
0.280116 0.297762  
0.065625 0.079430  
0.079499 0.084098  
0.115617 0.124911  
0.064430 0.061074  
0.118840 0.142882  
0.134773 0.147181  
0.062283 0.102414  
2.605366 2.567502  
0.058945 0.072238  
0.131220 0.155608  
0.081458 0.095293  
0.087980 0.088326  
0.342550 0.377504  
0.051892 0.056990  
0.118684 0.144898  
0.062875 0.072714  
0.053877 0.058403  
7.238086 7.502426  
0.210272 0.229845  
0.842495 0.919993  
0.323200 0.362510  
0.062506 0.090476  
0.065695 0.143547  
0.095195 0.119225  
0.064668 0.074565  
0.113449 0.121989  
0.539885 0.580336  
0.060626 0.088646  
0.080496 0.102623  
0.129373 0.185591  
0.040982 0.045233  
0.081418 0.079166  
0.405588 0.411932  
0.096744 0.102056  
0.150435 0.194036  
0.034745 0.043476  
0.479944 0.508909  
1.401676 1.471052  
0.249989 0.269136  
0.306397 0.322625  
0.875658 0.932625  
0.155567 0.232967  
0.459995 0.634128  
0.106135 0.138733  
0.119389 0.151801  
0.089062 0.093788  
0.105808 0.113264  
0.075267 0.079691  
0.039791 0.050048  
0.251868 0.294922  
0.068774 0.084514  
0.049726 0.075344  
0.045124 0.048357  
0.134570 0.156834  
0.053340 0.099166  
0.195374 0.238916  
0.200204 0.271185  
0.127268 0.151909  
0.084574 0.089005  
2.118253 2.223099  
0.021208 0.080715  
0.235396 0.256510  
0.059304 0.073601  
0.049437 0.058241  
0.057435 0.101609  
0.322675 0.345501  
0.121980 0.116189  
0.097605 0.114759  
0.932602 1.147672  
0.155087 0.173634  
0.045221 0.061132  
0.622510 0.663891  
0.259142 0.296850  
0.923441 0.986139  
0.060582 0.069287  
0.072557 0.081159  
0.157216 0.179818  
0.336589 0.357797  
0.091892 0.112636  
0.135265 0.190219  
0.067259 0.087236  
0.072516 0.079131  
0.038270 0.043502  
0.068076 0.088973  
1.461689 1.525439  
0.100114 0.120201  
0.984615 1.022354  
0.072958 0.081370  
0.595766 0.641043  
0.265925 0.365277  
0.346767 0.406570  
0.052629 0.055302  
0.119402 0.135914  
0.637441 0.665673  
0.323531 0.370273  
0.091657 0.101061  
0.246778 0.309132  
0.348830 0.378547  
0.068012 0.076369  
0.052818 0.054470  
0.397975 0.430869  
0.061634 0.067117  
0.052331 0.068863  
0.061238 0.053106  
0.053169 0.054197  
0.186710 0.198456  
1.882900 2.013619  
0.058961 0.071668  
0.491664 0.556450  
0.080918 0.094642  
0.086973 0.348867  
0.197772 0.249953  
0.119473 0.145780  
0.180984 0.221512  
0.187227 0.203083  
0.122625 0.138145  
0.066811 0.077209  
0.045415 0.049417  
0.068641 0.073767  
0.183261 0.214101  
0.405255 0.436780  
0.036995 0.042466  
0.057903 0.067341  
0.127776 0.168565  
0.122809 0.158273  
0.057552 0.063233  
0.149292 0.160476  
0.064671 0.075244  
0.398534 0.599011  
0.067559 0.075084  
0.187192 0.198128  
0.133524 0.168320  
0.056582 0.061623  
0.143877 0.166353  
0.068985 0.091184  
0.179844 0.242927  
4.110442 4.302934  
1.406918 1.451388  
4.154592 4.355124  
0.553948 0.620218  
0.077177 0.096039  
0.459333 0.471867  
0.156515 0.224542  
0.066932 0.068931  
0.061517 0.087479  
0.083330 0.091454  
0.076055 0.107111  
0.042505 0.048466  
0.057198 0.065985  
1.138749 1.264165  
0.198526 0.218505  
0.061160 0.077064  
0.349923 0.413230  
0.110278 0.137143  
0.129849 0.148690  
0.259911 0.281163  
0.103527 0.144364  
0.212628 0.248006  
0.204596 0.221917  
0.113627 0.118452  
0.098762 0.106795  
0.095403 0.104324  
0.055174 0.060889  
0.172473 0.188840  
0.096989 0.108828  
0.371038 0.413316  
0.142715 0.155437  
0.404090 0.534205  
0.083492 0.099185  
0.275259 0.283398  
0.127592 0.139527  
0.058577 0.062684  
0.091888 0.104588  
0.081082 0.085433  
0.171280 0.237173  
0.062567 0.077621  
0.156552 0.157597  
0.101304 0.159177  
0.133448 0.153688  
0.612959 0.648413  
0.107209 0.125471  
0.105421 0.114902  
-0.030708 -0.004043  
0.168992 0.182920  
0.129260 0.192212  
0.189239 0.235312  
0.063849 0.082420  
0.181217 0.199634  
0.057125 0.065661  
0.147097 0.183328  
0.107276 0.121361  
0.335908 0.345111  
0.413912 0.456884  
0.147310 0.080772  
0.500776 0.568418  
0.100588 0.117589  
0.353736 0.420914  
0.161374 0.178755  
0.230878 0.268966  
0.101077 0.145281  
0.111351 0.136738  
0.045121 0.050163  
0.065237 0.069653  
0.070786 0.077763  
0.079950 0.080921  
0.069694 0.077298  
0.333843 0.353147  
0.084446 0.098676  
0.049095 0.058613  
0.165668 0.185619  
0.080853 0.104281  
0.369160 0.409491  
0.105484 0.122909  
0.060561 0.089711  
0.108284 0.126539  
0.711776 0.768681  
0.116331 0.133773  
0.296650 0.363388  
0.110191 0.103268  
0.070506 0.071648  
0.235966 0.260809  
0.034088 0.061575  
0.160094 0.194729  
0.291829 0.338406  
0.319020 0.360018  
0.066978 0.070499  
0.077952 0.117381  
0.110016 0.118887  
0.161402 0.199767  
0.705638 0.844119  
0.076277 0.092674  
0.161127 0.174434  
0.106355 0.122631  
0.127998 0.145235  
0.095271 0.113373  
0.125370 0.153031  
0.110564 0.166432  
0.152257 0.179235  
0.162114 0.248387  
0.084445 0.098510  
0.081407 0.106124  
0.287036 0.322018  
0.071253 0.083337  
0.041020 0.044653  
0.050517 0.057696  
0.071458 0.085160  
0.085914 0.112785  
0.073736 0.083921  
0.087704 0.081495  
0.186151 0.255007  
0.232202 0.341588  
0.103551 0.113878  
0.096075 0.133452  
0.091294 0.121521  
0.582401 0.637239  
0.008527 0.065601  
2.568466 2.737985  
0.404768 0.423700  
0.053610 0.056529  
0.077743 0.081025  
0.629922 0.725663  
0.127996 0.142547  
0.346915 0.447509  
0.123430 0.133526  
0.079709 0.088015  
0.168418 0.180657  
0.058905 0.078802  
0.093630 0.128508  
0.350065 0.444051  
0.166278 0.202175  
0.098299 0.106089  
0.127651 0.142573  
0.895369 0.960269  
0.076313 -0.021550  
0.157820 0.174262  
0.058218 0.062132  
0.076345 0.087582  
0.410002 0.432940  
0.077584 0.087113  
2.385620 2.462519  
0.162912 0.179842  
0.159884 0.174175  
0.169653 0.188875  
0.069273 0.089736  
0.132636 0.148911  
0.364923 0.470769  
0.097885 0.145366  
0.069125 0.037185  
1.028147 1.142911  
0.058861 0.061309  
0.258175 0.272120  
0.259169 0.280208  
0.147401 0.194677  
0.132875 0.142614  
0.041047 0.045090  
0.080033 0.111860  
0.073947 0.049117  
0.114617 0.142685  
0.054739 0.058695  
0.046168 0.047665  
0.845109 0.822342  
0.222018 0.242493  
0.104167 0.106497  
0.122032 0.285699  
0.126239 0.169917  
0.068330 0.072189  
0.148850 0.178126  
4.866299 5.089717  
0.201829 0.202027  
0.092969 0.131530  
0.056373 0.064995  
0.081580 0.148045  
0.160901 0.201954  
0.072546 0.079563  
0.116093 0.128543  
0.102934 0.141873  
0.430935 0.463214  
0.104025 0.119129  
0.050756 0.099418  
0.052303 0.062666  
0.169605 0.185704  
0.258945 0.326753  
0.105454 0.147907  
0.084844 0.092133  
1.011831 1.150819  
0.338236 0.405838  
0.293006 0.340785  
0.163532 0.202061  
0.104634 0.140714  
0.059483 0.065060  
0.198421 0.218407  
1.360040 1.437184  
0.280322 0.508394  
0.112117 0.128244  
0.291520 0.350302  
0.355141 0.376652  
0.171830 0.221720  
0.098777 0.106440  
0.220917 0.231315  
0.231522 0.274380  
12.827969 13.820995  
0.228113 0.263445  
0.036364 0.072349  
0.038577 0.054315  
0.087832 0.119906  
0.516553 0.548254  
0.098906 0.116671  
0.072933 0.077254  
2.150059 2.300256  
0.489616 0.519696  
0.260711 0.270184  
0.114645 0.120352  
0.089819 0.099153  
0.231565 0.275255  
0.725700 0.784048  
0.102913 0.118898  
0.770037 0.848686  
0.049653 0.056738  
0.035096 0.082647  
1.558342 1.665352  
0.099723 0.113276  
0.567067 0.611834  
0.105861 0.117163  
0.069771 0.078964  
0.416145 0.448465  
0.170074 0.178627  
0.078851 0.093530  
0.047846 0.053395  
0.275759 0.364724  
0.164903 0.187565  
0.179394 0.212043  
0.050619 0.055869  
0.059009 0.157822  
0.042175 0.065560  
0.054069 0.052496  
0.130463 0.185007  
2.032372 2.139873  
6.433343 6.658123  
0.137563 0.162731  
0.116970 0.133444  
0.336648 0.064860  
0.410896 0.446432  
0.335423 0.408744  
0.059126 0.068289  
0.132669 0.150254  
0.048655 0.056673  
0.776716 0.809303  
0.333587 0.376913  
0.180394 0.219408  
0.243299 0.318295  
0.040780 0.048742  
0.062578 0.067679  
0.181261 0.256731  
7.368237 7.752337  
0.194972 0.231238  
0.418897 0.554388  
0.080374 0.089591  
1.488031 1.612032  
0.083661 0.096479  
0.203438 0.232559  
0.223399 0.246561  
0.095616 0.116051  
0.057719 0.064915  
0.091671 0.112934  
0.048461 0.048642  
0.079152 0.098289  
1.773585 1.850019  
0.188175 0.220831  
1.068874 1.181415  
0.208841 0.231609  
0.063878 0.092170  
0.480730 0.515556  
0.108792 0.117183  
0.044892 0.044130  
0.054409 0.067388  
0.101538 0.145822  
0.119210 0.141936  
0.143586 0.158568  
0.038628 0.043133  
0.039111 0.041999  
0.607709 0.683979  
0.226268 0.251601  
0.147054 0.167795  
0.160612 0.185353  
0.147287 0.191554  
0.068790 0.073026  
0.053577 0.064392  
0.116050 0.134109  
0.847059 0.915007  
0.104736 0.123170  
0.097683 0.131671  
0.224946 0.276468  
0.477773 0.540501  
0.086116 0.114278  
0.254386 0.332492  
0.061792 0.080380  
0.151972 0.164389  
0.065231 0.078725  
0.166356 0.177152  
0.123713 0.177807  
0.102053 0.122107  
0.115483 0.153266  
0.059797 0.073473  
0.147121 0.155600  
0.032187 0.048066  
0.100605 0.122119  
0.128323 0.136305  
0.818343 0.999922  
0.114376 0.127753  
0.054172 0.056112  
0.474851 0.514540  
0.265759 0.149662  
0.211434 0.304467  
0.494809 0.576088  
0.097204 0.112267  
0.085731 0.112553  
0.078718 0.094110  
0.215916 0.245875  
0.382185 0.425155  
0.076165 0.085819  
0.111767 0.125973  
0.090957 0.108175  
0.122489 0.153661  
0.315574 0.384292  
0.435641 0.494837  
0.339827 0.366653  
0.095076 0.129204  
0.040422 0.045979  
0.263367 0.304212  
0.118777 0.161608  
0.037625 0.146623  
2.519072 2.646598  
0.099838 0.129076  
0.308266 0.332178  
0.155346 0.189130  
0.110119 0.132634  
0.261209 0.286066  
0.053212 0.054411  
0.063879 0.086923  
0.041222 0.058519  
0.208605 0.214165  
0.117810 0.144787  
0.072287 0.124132  
0.344389 0.382005  
0.043571 0.063733  
0.426980 0.457613  
0.072504 0.087148  
0.067447 0.076554  
0.075744 0.130645  
0.075171 0.137173  
0.152545 0.172205  
0.100239 0.127118  
0.135780 0.144828  
0.063779 0.083857  
0.044296 0.048614  
0.174189 0.207737  
0.199726 0.218523  
0.080413 0.096783  
0.041494 0.072491  
0.046086 0.045082  
0.078707 0.090995  
0.206709 0.237041  
0.564551 0.564602  
0.259372 0.291784  
1.040814 1.125125  
1.278199 1.324096  
0.251856 0.307214  
0.039478 0.051728  
0.210826 0.261186  
0.159451 0.201732  
0.101522 0.126373  
0.485660 0.499003  
0.236228 0.292263  
0.080821 0.101873  
0.702617 0.654296  
0.703108 0.746025  
0.072576 0.180216  
0.256362 0.267240  
0.124051 0.073115  
0.181556 0.215717  
0.058056 0.064574  
0.263704 0.324093  
0.058144 0.066850  
0.073592 0.086240  
0.096502 0.111822  
0.097374 0.117383  
0.196250 0.226638  
0.098086 0.107711  
0.206246 0.246583  
0.128512 0.147677  
0.083848 0.089988  
0.098461 0.115473  
0.129431 0.134446  
0.073116 0.085724  
0.163401 0.183023  
0.235182 0.262063  
1.080808 1.164327  
0.444776 0.472580  
0.083207 0.088416  
0.074729 0.080003  
0.227683 0.264415  
0.102983 0.122643  
0.101566 0.111491  
0.187071 0.232293  
0.306283 0.335708  
1.378970 1.473705  
0.677652 0.735723  
4.826322 4.995556  
0.102717 0.123053  
0.096522 0.110142  
0.122625 0.143423  
0.090465 0.115882  
0.159961 0.198320  
0.087825 0.098562  
0.053794 0.070299  
0.107328 0.082044  
0.277438 0.290375  
0.038280 0.055014  
0.144729 0.173592  
0.036305 0.042863  
6.257490 6.494408  
0.363421 0.435183  
0.148626 0.158446  
0.589045 0.650643  
0.062798 0.069997  
0.150477 0.164790  
0.350020 0.396690  
0.101638 0.108319  
0.200490 0.229833  
0.213171 0.240217  
0.107323 0.115016  
0.107194 0.130992  
0.253107 0.303144  
0.438969 0.484227  
0.526156 0.634770  
0.055460 0.058561  
0.133737 0.211801  
0.505628 0.530277  
0.048504 0.060918  
0.828569 0.879890  
0.087260 0.096443  
0.206186 0.224405  
0.030091 0.053176  
0.078497 0.064773  
0.283848 0.318008  
0.094436 0.101101  
0.064085 0.074392  
0.132693 0.196230  
0.658458 0.679716  
1.031972 1.076889  
0.219398 0.237837  
0.403312 0.411230  
1.066169 1.129299  
2.169569 2.261803  
0.110578 0.136792  
0.068847 0.084868  
0.104445 0.114671  
0.597604 0.639757  
1.075176 1.120023  
0.117458 0.132425  
0.062309 0.080404  
0.095700 0.100466  
0.503657 0.540557  
0.752763 0.812586  
0.095055 0.109136  
0.420512 0.461961  
0.272565 0.298838  
0.151242 0.163637  
0.084572 0.097615  
0.177317 0.268427  
0.060436 0.059061  
0.925487 1.009499  
0.147035 0.166573  
0.095308 0.126674  
0.104076 0.111372  
0.022363 0.037541  
0.085116 0.087824  
0.161542 0.199060  
0.164388 0.180285  
0.123881 0.198872  
1.906964 2.024019  
0.112118 0.149239  
0.126578 0.143065  
0.066434 0.057127  
0.390669 0.432961  
0.972692 1.158440  
0.143322 0.167348  
0.116382 0.214609  
0.195068 0.218826  
0.359920 0.402510  
0.317437 0.360152  
0.294357 0.362895  
0.754691 0.781508  
0.082151 0.091862  
0.194749 0.295610  
0.567145 0.650591  
0.141295 0.139816  
0.161621 0.204796  
0.290731 0.310084  
0.180964 0.232970  
7.210886 7.610417  
0.047841 0.051448  
0.050124 0.055441  
1.064090 1.152722  
0.084511 0.130264  
0.060127 0.069334  
0.312336 0.333586  
0.121379 0.147384  
0.173456 0.218429  
0.071873 0.083710  
0.685149 0.733480  
0.111060 0.137966  
0.236824 0.289730  
0.175376 0.205877  
0.091852 0.107382  
0.257247 0.278076  
0.093281 0.105417  
0.103154 0.121419  
1.634107 1.706832  
0.097552 0.104961  
0.340278 0.373256  
0.043919 0.046571  
0.064454 0.075427  
