-0.009912 -0.013238  
-0.223468 -0.250424  
0.019115 -0.026055  
3.708041 1.485102  
-0.186461 -0.213006  
-0.190097 -0.219656  
52.356394 -0.107242  
4.241333 0.090025  
-0.351124 -0.369052  
-0.111026 -0.210735  
-0.003591 -0.027503  
-0.008917 -0.014525  
-0.120738 -0.158961  
-0.113263 -0.171112  
-0.209189 -0.215182  
-0.244778 -0.290456  
-0.247461 -0.261211  
0.204772 0.003615  
-0.033959 -0.041374  
-0.396143 -0.420159  
0.009524 -0.012440  
-0.321998 -0.364936  
-0.277857 -0.341621  
-0.012534 -0.017575  
-0.187489 -0.322323  
-0.254825 -0.281934  
-0.316092 -0.367770  
-0.063383 -0.204747  
-0.311059 -0.335133  
-0.168091 -0.196700  
-0.197247 -0.314694  
-0.205984 -0.283337  
0.031778 -0.005259  
-0.181263 -0.199110  
-0.217778 -0.226448  
0.127556 0.010774  
-0.199162 -0.251552  
0.001923 -0.008371  
-0.199714 -0.240222  
-0.108135 -0.129649  
-0.009469 -0.016242  
-0.044780 -0.065533  
-0.020862 -0.025273  
-0.034167 -0.039154  
-0.165732 -0.195516  
-0.284148 -0.293094  
56.952852 3.020597  
-0.005100 -0.009516  
-0.134070 -0.190842  
0.000135 -0.007811  
14.770813 8.951623  
9.658921 4.402087  
-0.003697 -0.012263  
-0.186523 -0.205716  
-0.244709 -0.374442  
-0.026541 -0.034626  
0.428892 0.193380  
0.177129 -0.007519  
-0.090207 -0.137924  
2.571095 0.259445  
-0.125419 -0.197489  
0.000741 -0.009754  
-0.196926 -0.285932  
-0.003569 -0.007625  
-0.020661 -0.035190  
-0.002799 -0.006167  
-0.005456 -0.011218  
-0.018935 -0.028852  
-0.390784 -0.405029  
-0.175880 -0.215278  
-0.051620 -0.200206  
-0.008387 -0.013904  
-0.005725 -0.009621  
-0.039830 -0.054408  
-0.004666 -0.010482  
3.805286 -0.323576  
-0.009723 -0.095372  
-0.282225 -0.296229  
-0.418204 -0.494902  
0.008218 -0.008884  
-0.122076 -0.147318  
-0.381946 -0.425436  
0.367954 0.102268  
1.100569 -0.001449  
-0.008206 -0.012125  
-0.408907 -0.464461  
0.051404 -0.269575  
-0.182728 -0.197217  
-0.013842 -0.021624  
1.046694 0.125900  
0.210557 -0.012801  
-0.055124 -0.129928  
174.757230 0.411765  
0.134261 -0.061907  
-0.100170 -0.230285  
1.771635 1.067346  
-0.047206 -0.173122  
-0.393234 -0.419367  
0.580914 0.095102  
-0.235823 -0.252308  
0.006875 -0.009769  
0.141369 -0.167146  
0.360495 0.129173  
-0.411835 -0.474021  
0.147845 -0.063620  
-0.202135 -0.286134  
0.727162 0.421323  
-0.398967 -0.445347  
-0.006249 -0.010496  
-0.243466 -0.254993  
-0.167080 -0.290748  
-0.045857 -0.063377  
-0.074077 -0.080749  
-0.428191 -0.462344  
-0.005922 -0.017156  
5.598524 0.157830  
-0.319884 -0.332830  
0.036271 -0.018557  
3.613771 1.083284  
-0.108604 -0.173955  
-0.101477 -0.105087  
-0.059426 -0.189886  
0.117358 -0.016100  
-0.048337 -0.087122  
0.225976 -0.136616  
-0.102701 -0.190657  
-0.199857 -0.289716  
-0.075198 -0.190701  
0.853331 0.179911  
1.172572 0.208606  
-0.112020 -0.264010  
-0.220590 -0.234986  
0.076068 -0.019710  
0.837437 0.358855  
-0.100682 -0.123854  
-0.285865 -0.321567  
-0.233837 -0.295719  
-0.127682 -0.132789  
0.436933 -0.004850  
-0.123102 -0.142406  
-0.286165 -0.307076  
-0.046493 -0.153708  
-0.004998 -0.008698  
-0.209992 -0.324319  
0.141390 -0.143982  
0.003549 -0.004957  
0.054315 -0.036782  
-0.158842 -0.333542  
0.006309 -0.016006  
-0.088786 -0.094696  
0.137881 -0.089562  
0.016988 -0.020935  
-0.359026 -0.445637  
-0.268559 -0.328024  
-0.002761 -0.015600  
-0.293749 -0.365499  
-0.004295 -0.010314  
0.033075 -0.010690  
-0.462516 -0.479592  
-0.175407 -0.188635  
-0.256718 -0.448270  
-0.306476 -0.341576  
-0.411367 -0.446066  
-0.070244 -0.084018  
0.099653 -0.053886  
-0.327394 -0.378016  
-0.004858 -0.093250  
-0.429579 -0.465429  
-0.169968 -0.235002  
-0.354295 -0.375609  
-0.254037 -0.274794  
-0.046916 -0.077991  
-0.083600 -0.091139  
1.682100 0.325398  
-0.041423 -0.048817  
-0.005351 -0.009022  
-0.119564 -0.201045  
-0.133529 -0.191454  
280.452803 0.627513  
-0.170009 -0.440357  
-0.036076 -0.039943  
-0.070158 -0.099667  
-0.115144 -0.126783  
-0.210353 -0.262556  
-0.259450 -0.318549  
1.040595 -0.136964  
-0.006132 -0.131912  
0.121625 -0.010254  
-0.069217 -0.085226  
0.122398 -0.018704  
-0.024554 -0.121512  
-0.386657 -0.405570  
-0.007216 -0.011646  
2.583656 1.362594  
-0.004571 -0.007642  
-0.304915 -0.320349  
-0.405859 -0.432039  
-0.303227 -0.339930  
-0.140358 -0.158578  
0.250094 0.025908  
4.990814 0.316843  
11.095830 7.150778  
-0.013954 -0.030412  
-0.230910 -0.263946  
-0.074111 -0.085395  
4.196162 -0.011510  
0.557161 -0.144362  
-0.195431 -0.210711  
-0.108489 -0.127706  
1.073000 0.540119  
-0.165929 -0.201306  
-0.012569 -0.104938  
0.441354 0.016915  
-0.141001 -0.160489  
0.006561 -0.029369  
-0.382738 -0.419723  
1.738276 1.215748  
2.992727 2.056622  
-0.119782 -0.163868  
-0.152281 -0.343583  
14.978596 2.613097  
-0.122170 -0.147475  
1.220453 0.176028  
0.746990 0.072285  
-0.128087 -0.169260  
0.151410 -0.019145  
-0.100862 -0.114523  
-0.045277 -0.061869  
-0.006701 -0.013204  
0.291927 0.003742  
-0.014701 -0.025312  
-0.000180 -0.007394  
0.006613 -0.016222  
-0.005110 -0.011146  
0.156550 -0.017009  
0.171593 0.008103  
1.103180 0.374655  
0.423621 -0.011530  
-0.261620 -0.261400  
-0.387540 -0.394664  
-0.118085 -0.220508  
6.868231 4.017743  
-0.178935 -0.294218  
0.179740 -0.023515  
0.685653 0.046735  
-0.359461 -0.422660  
0.001041 -0.010080  
-0.179880 -0.222313  
-0.238477 -0.269288  
-0.199751 -0.263216  
-0.343821 -0.360213  
-0.212808 -0.238245  
-0.451502 -0.468475  
-0.296153 -0.323950  
-0.346259 -0.420974  
-0.199291 -0.224554  
-0.151415 -0.171622  
-0.012285 -0.017746  
6.712104 0.141683  
-0.151945 -0.152322  
-0.263160 -0.392891  
-0.036489 -0.049603  
-0.437312 -0.486022  
0.023711 -0.012070  
-0.131272 -0.211796  
-0.293779 -0.362844  
-0.004514 -0.007481  
0.282926 0.066644  
-0.360380 -0.411945  
0.350801 -0.077053  
-0.213467 -0.304342  
-0.034272 -0.038805  
-0.086742 -0.107242  
-0.140111 -0.301098  
-0.019139 -0.023980  
-0.097722 -0.161557  
0.185113 -0.021464  
0.061875 -0.034164  
-0.100725 -0.258040  
-0.298688 -0.381884  
0.098562 -0.179816  
1.897521 0.881499  
-0.020273 -0.040915  
0.369381 0.022782  
-0.345762 -0.416595  
5.594119 0.222555  
-0.200772 -0.488245  
0.129206 -0.250748  
-0.388602 -0.402919  
-0.376038 -0.396950  
-0.207638 -0.307600  
-0.382190 -0.425424  
-0.112592 -0.118082  
-0.216745 -0.232641  
27.116771 20.463332  
-0.157797 -0.380881  
1.086968 -0.084506  
-0.406559 -0.419318  
0.001326 -0.007613  
-0.001321 -0.014105  
-0.015879 -0.022782  
0.719166 0.120176  
0.754079 0.035147  
-0.337762 -0.378169  
-0.198820 -0.292749  
0.652919 0.209792  
-0.002155 -0.009873  
-0.276321 -0.330887  
0.029573 -0.021061  
-0.183818 -0.200449  
-0.285577 -0.301841  
1.716022 0.552564  
-0.161144 -0.205315  
-0.100089 -0.111074  
-0.065464 -0.078976  
0.082651 -0.072642  
-0.230395 -0.226547  
-0.106930 -0.119109  
-0.248519 -0.270978  
-0.370743 -0.391183  
-0.125465 -0.133881  
0.067341 -0.011539  
-0.107629 -0.122349  
-0.277113 -0.302001  
-0.004205 -0.008364  
-0.252375 -0.314197  
0.001722 -0.043515  
-0.028862 -0.322861  
-0.072998 -0.084495  
0.018196 -0.011811  
-0.109794 -0.120197  
3.165704 0.102876  
0.224892 -0.180626  
-0.170306 -0.223376  
-0.015464 -0.035815  
-0.004022 -0.016137  
-0.447099 -0.467993  
-0.027918 -0.040082  
-0.036701 -0.045560  
-0.238170 -0.250740  
0.005753 -0.158862  
0.092052 -0.070000  
-0.315578 -0.343084  
0.014103 -0.012757  
2.435341 0.891030  
-0.045870 -0.056636  
-0.179018 -0.239249  
0.027596 -0.025549  
-0.048429 -0.054453  
0.108876 -0.107239  
-0.003793 -0.009716  
-0.156292 -0.204806  
-0.011313 -0.016044  
-0.005252 -0.011539  
3.681384 2.373213  
-0.126323 -0.171353  
-0.111851 -0.323949  
0.255572 0.075743  
-0.111270 -0.136819  
-0.022666 -0.152977  
0.000428 -0.049507  
-0.048196 -0.061045  
-0.273863 -0.280934  
-0.099968 -0.367260  
0.035918 -0.008464  
-0.236286 -0.256092  
-0.002817 -0.238613  
-0.008977 -0.012507  
0.005658 -0.010205  
-0.175136 -0.301638  
-0.193683 -0.203925  
3.070938 0.027229  
0.003805 -0.012254  
-0.400889 -0.451807  
0.229204 0.054548  
-0.198729 -0.229724  
-0.405795 -0.426878  
-0.152717 -0.180078  
0.306704 -0.075693  
0.475455 -0.353130  
0.064918 -0.106507  
0.026908 -0.104993  
-0.178519 -0.189506  
-0.212043 -0.245144  
-0.034050 -0.042417  
0.010842 -0.001671  
-0.175012 -0.281522  
-0.076675 -0.101012  
0.036709 -0.014074  
-0.006743 -0.010019  
-0.291268 -0.305924  
0.110748 -0.101336  
-0.161831 -0.252527  
0.290363 -0.219389  
-0.250610 -0.307823  
-0.048375 -0.054038  
0.544436 0.211202  
0.180289 -0.013726  
-0.423706 -0.457416  
-0.099028 -0.105302  
-0.000140 -0.011900  
-0.041444 -0.059054  
-0.405623 -0.424588  
-0.243225 -0.291130  
-0.094763 -0.128306  
1.367129 0.174363  
-0.277162 -0.313335  
0.000805 -0.009425  
-0.261966 -0.401446  
-0.190888 -0.269618  
1.157673 0.370024  
-0.018050 -0.035930  
-0.038893 -0.050465  
-0.136963 -0.182286  
-0.239042 -0.299832  
0.053292 -0.071290  
-0.256192 -0.355148  
-0.136278 -0.152848  
-0.004873 -0.022305  
-0.001196 -0.006244  
-0.057291 -0.093563  
0.177042 -0.035851  
-0.244615 -0.283921  
-0.249601 -0.373058  
-0.024014 -0.032669  
0.221295 0.068224  
0.735065 -0.171077  
0.198032 -0.099561  
-0.004309 -0.010946  
-0.128564 -0.189004  
-0.118571 -0.306946  
-0.140787 -0.228013  
-0.154256 -0.171980  
-0.227993 -0.306419  
-0.349816 -0.364675  
-0.014135 -0.017618  
-0.098911 -0.112358  
0.263220 -0.100017  
-0.048073 -0.068641  
-0.015188 -0.045440  
0.002689 -0.006070  
-0.004460 -0.008578  
-0.373540 -0.386215  
18.461840 0.734894  
-0.002259 -0.013332  
-0.107840 -0.251777  
-0.199427 -0.216415  
0.033732 -0.023417  
-0.018008 -0.134790  
-0.205271 -0.324915  
0.045182 -0.046820  
-0.195265 -0.225179  
-0.270446 -0.275362  
-0.165576 -0.179026  
-0.009239 -0.014029  
-0.018094 -0.022367  
-0.226852 -0.291737  
0.058754 -0.037289  
0.003142 -0.002026  
-0.021501 -0.031646  
0.170599 0.016591  
-0.252136 -0.325045  
-0.008598 -0.013999  
-0.229421 -0.247845  
-0.017832 -0.028370  
5.309632 -0.298417  
-0.016730 -0.024040  
-0.410719 -0.424182  
-0.297569 -0.344038  
-0.023274 -0.030721  
-0.209416 -0.241231  
-0.177111 -0.212114  
0.106258 -0.070696  
3.058111 1.714417  
-0.069904 -0.240106  
2.007069 1.107182  
-0.350608 -0.444894  
-0.132849 -0.189244  
-0.205391 -0.390202  
0.331896 0.038327  
-0.002473 -0.011027  
-0.083471 -0.118023  
-0.196203 -0.207677  
-0.052704 -0.108347  
-0.000742 -0.009557  
0.010791 -0.022217  
0.759673 -0.180155  
-0.275141 -0.301981  
0.014924 -0.007201  
0.183223 -0.137441  
-0.122765 -0.158547  
-0.081030 -0.117393  
-0.210492 -0.255377  
-0.221402 -0.289280  
-0.387612 -0.418654  
-0.334087 -0.360968  
-0.205883 -0.208232  
-0.088333 -0.102579  
-0.250297 -0.261537  
-0.031527 -0.035316  
-0.279801 -0.302256  
-0.089062 -0.102803  
-0.328749 -0.438888  
-0.261898 -0.270850  
-0.251337 -0.430114  
-0.097738 -0.122091  
-0.442846 -0.462670  
-0.312155 -0.344127  
-0.001855 -0.006970  
-0.143850 -0.160215  
-0.066093 -0.071202  
-0.291182 -0.414355  
0.007921 -0.027212  
-0.309310 -0.317738  
0.140934 -0.014982  
-0.243323 -0.279501  
0.908176 -0.166257  
-0.296821 -0.323205  
-0.129838 -0.140395  
0.624974 -0.005164  
-0.322797 -0.347185  
0.040639 -0.259961  
-0.286618 -0.383403  
-0.005762 -0.019525  
-0.269208 -0.318313  
-0.010576 -0.017419  
-0.113316 -0.171275  
-0.178815 -0.198735  
-0.425043 -0.448604  
-0.184352 -0.266112  
1.030613 -0.231805  
0.266038 0.073986  
-0.078342 -0.107844  
0.167765 -0.042572  
-0.217624 -0.242275  
0.233106 -0.270834  
0.179003 0.006349  
0.113003 0.002762  
-0.005474 -0.008569  
-0.006738 -0.015226  
-0.190914 -0.200533  
-0.035822 -0.041799  
-0.165454 -0.178327  
-0.362316 -0.474721  
-0.011627 -0.033692  
0.000452 -0.009429  
-0.191633 -0.268456  
-0.034472 -0.065479  
0.404670 0.095230  
-0.199374 -0.223628  
-0.017595 -0.053303  
-0.202276 -0.239067  
6.747209 0.358108  
-0.226601 -0.234532  
0.706868 0.102692  
0.034511 -0.010369  
-0.004492 -0.015384  
-0.347941 -0.398723  
0.053189 -0.017591  
-0.159938 -0.238980  
0.344461 -0.140554  
-0.025739 -0.163999  
-0.110224 -0.121773  
-0.157487 -0.183498  
-0.098078 -0.107354  
2.651679 0.000298  
1.103342 -0.135640  
-0.091606 -0.107907  
-0.187491 -0.204357  
-0.209670 -0.233985  
-0.317639 -0.344272  
-0.069355 -0.104111  
-0.267493 -0.286988  
2.633261 -0.035143  
-0.226722 -0.268419  
0.391056 -0.050458  
-0.134004 -0.155997  
-0.080093 -0.123523  
-0.429865 -0.489363  
-0.084779 -0.097154  
-0.001203 -0.007113  
-0.003565 -0.010464  
-0.063291 -0.074854  
-0.163276 -0.214136  
-0.062924 -0.071155  
0.001998 -0.011412  
-0.415290 -0.464415  
0.020250 -0.263490  
-0.224059 -0.236888  
0.054349 -0.047597  
-0.103736 -0.141153  
0.151578 0.016702  
0.025672 -0.030839  
0.865563 0.296277  
-0.413053 -0.441835  
-0.010197 -0.016697  
-0.198234 -0.207188  
1.191835 -0.130014  
-0.296104 -0.308543  
0.227899 -0.088990  
-0.267021 -0.281639  
0.045963 -0.022789  
-0.389969 -0.429940  
-0.007550 -0.028906  
-0.138137 -0.193968  
0.367968 -0.094414  
-0.111976 -0.188277  
-0.194168 -0.206834  
-0.265845 -0.291642  
0.655671 0.295755  
0.091107 -0.016081  
-0.335257 -0.356396  
-0.008482 -0.014469  
-0.089927 -0.118472  
-0.341876 -0.390708  
-0.194801 -0.202538  
3.453596 0.816238  
-0.162031 -0.222965  
-0.168350 -0.194153  
-0.367987 -0.392072  
0.011262 -0.013163  
-0.271338 -0.295297  
0.361047 -0.222807  
-0.195642 -0.281085  
0.033338 -0.014291  
0.340552 -0.128321  
-0.034855 -0.038598  
-0.397685 -0.420665  
-0.143060 -0.185816  
0.532187 0.071576  
-0.337523 -0.345613  
-0.005949 -0.010388  
-0.217113 -0.266865  
-0.003690 -0.018477  
-0.108754 -0.144380  
-0.022300 -0.039344  
-0.007923 -0.013008  
1.148164 -0.391088  
-0.154884 -0.203113  
-0.117657 -0.136075  
18.253674 2.627546  
0.257714 -0.006690  
-0.019582 -0.024699  
0.156080 -0.014068  
3.264741 1.883671  
-0.331299 -0.353314  
-0.201847 -0.250673  
0.010314 -0.008517  
-0.024285 -0.061362  
-0.268382 -0.342906  
-0.025133 -0.033078  
-0.167500 -0.184565  
-0.078176 -0.155432  
1.757733 0.117081  
-0.172024 -0.190903  
0.067723 -0.042811  
-0.003269 -0.015972  
-0.338178 -0.358669  
0.184195 -0.197685  
-0.055100 -0.163092  
-0.167444 -0.178453  
0.858338 -0.123461  
0.035728 -0.150190  
0.491928 0.113258  
-0.195487 -0.264647  
0.051135 -0.033945  
-0.013860 -0.031919  
-0.305935 -0.336767  
0.943239 0.296322  
0.864631 -0.372891  
-0.175447 -0.200566  
-0.123069 -0.224084  
-0.414823 -0.453848  
0.929234 0.094834  
-0.099645 -0.111823  
-0.443644 -0.459028  
0.583365 0.094614  
18.915384 8.727241  
-0.301099 -0.352615  
0.039648 -0.006894  
0.007141 -0.005300  
-0.193744 -0.251678  
-0.014119 -0.102108  
0.174862 -0.035920  
-0.028402 -0.033288  
1.343828 0.725637  
0.074766 -0.117661  
-0.426484 -0.445406  
-0.197330 -0.202736  
-0.129401 -0.136541  
-0.005714 -0.238904  
-0.318330 -0.398728  
-0.080523 -0.100605  
0.025136 -0.154768  
-0.000252 -0.009706  
0.020087 -0.018814  
0.432616 0.070159  
-0.265748 -0.271129  
-0.295867 -0.386719  
-0.262366 -0.270877  
-0.042851 -0.050574  
105.422043 0.161692  
-0.304171 -0.335791  
-0.176523 -0.185884  
-0.002325 -0.011857  
0.191482 -0.045836  
-0.164277 -0.221760  
0.072985 -0.021820  
0.005224 -0.005004  
0.119825 -0.013581  
0.013938 -0.013055  
-0.000813 -0.011115  
0.054930 -0.101917  
0.250033 -0.051715  
3.050801 1.475603  
-0.161591 -0.223574  
-0.273869 -0.295020  
4.847032 -0.378332  
-0.230533 -0.440358  
-0.148417 -0.412225  
-0.032211 -0.043072  
-0.337802 -0.364565  
-0.001026 -0.014666  
-0.229690 -0.345364  
-0.241451 -0.300992  
-0.161210 -0.266102  
0.487765 -0.153220  
0.002270 -0.008326  
-0.009996 -0.017047  
-0.341853 -0.406930  
8.028624 3.871889  
-0.146382 -0.219713  
-0.272265 -0.476810  
-0.146982 -0.157125  
0.531377 0.151264  
-0.102567 -0.120328  
-0.344699 -0.388158  
-0.409400 -0.439204  
-0.147395 -0.199032  
-0.116887 -0.126140  
-0.249889 -0.274905  
-0.007576 -0.010649  
-0.165267 -0.177347  
0.366898 -0.005932  
-0.163461 -0.220637  
1.026642 0.378683  
-0.355346 -0.396484  
0.019675 -0.024614  
-0.053364 -0.479726  
-0.216616 -0.220850  
-0.000479 -0.007768  
-0.010306 -0.034456  
0.167401 0.006893  
-0.095592 -0.124826  
-0.253838 -0.266648  
-0.005705 -0.009214  
0.002489 -0.005344  
-0.176405 -0.349149  
-0.395493 -0.437895  
-0.265962 -0.290719  
-0.280690 -0.317782  
-0.222606 -0.290303  
-0.071195 -0.080354  
-0.066032 -0.077417  
-0.206906 -0.224759  
2.830292 -0.016727  
-0.221466 -0.250404  
-0.192260 -0.242766  
-0.092010 -0.269583  
0.012187 -0.077571  
-0.151806 -0.173743  
0.415841 0.082127  
0.066942 -0.012588  
-0.304043 -0.320093  
-0.010293 -0.016700  
-0.348240 -0.367686  
0.099561 -0.112362  
-0.134999 -0.163371  
-0.058662 -0.245169  
-0.007504 -0.026452  
-0.298665 -0.305011  
0.011075 -0.004010  
-0.250752 -0.285066  
-0.250660 -0.262810  
0.621337 -0.185276  
-0.264580 -0.273390  
-0.005682 -0.009319  
-0.068816 -0.152527  
0.301180 -0.200994  
1.011469 0.121384  
0.111368 -0.077803  
-0.158585 -0.182468  
-0.030920 -0.093351  
-0.185894 -0.203906  
-0.312513 -0.356392  
-0.244092 -0.307969  
-0.040079 -0.050775  
-0.275980 -0.294311  
-0.201864 -0.226891  
-0.233507 -0.256595  
0.673734 -0.110491  
-0.298554 -0.413844  
-0.095498 -0.155408  
0.024292 -0.059727  
-0.001390 -0.007947  
0.144101 -0.039380  
-0.128091 -0.190641  
0.142827 -0.052144  
2.010178 1.038857  
-0.026823 -0.083752  
0.895704 -0.381644  
-0.339345 -0.388988  
-0.164960 -0.213664  
-0.151131 -0.179399  
-0.005979 -0.009895  
-0.156741 -0.168609  
0.005964 -0.010681  
-0.411409 -0.426828  
-0.154085 -0.207595  
-0.073031 -0.186969  
-0.386354 -0.435071  
-0.004798 -0.025194  
-0.182231 -0.226779  
-0.172998 -0.185824  
-0.110424 -0.117860  
0.346095 -0.024363  
0.722784 -0.156787  
-0.349713 -0.379726  
-0.023675 -0.061353  
-0.254126 -0.306618  
-0.051810 -0.149408  
-0.006170 -0.009872  
-0.358734 -0.408993  
-0.101883 -0.364175  
-0.074551 -0.103642  
0.037326 -0.045522  
-0.001659 -0.009888  
-0.023877 -0.044882  
-0.117585 -0.217957  
18.506092 0.065078  
-0.427525 -0.449209  
0.702756 0.252403  
0.136845 -0.134810  
0.088803 -0.093441  
-0.000119 -0.007574  
-0.200361 -0.392069  
-0.002257 -0.117537  
-0.194582 -0.203106  
-0.245209 -0.303078  
0.274772 -0.111682  
0.066965 -0.059734  
271.019818 -0.111647  
0.242704 0.074884  
-0.044229 -0.257244  
-0.439011 -0.468234  
0.609612 -0.206870  
-0.170774 -0.225325  
-0.009581 -0.019551  
-0.320498 -0.430938  
-0.011790 -0.019688  
-0.052967 -0.068482  
-0.140928 -0.163372  
-0.156484 -0.177583  
-0.110679 -0.227646  
-0.157138 -0.175488  
-0.152983 -0.327526  
-0.300820 -0.322284  
-0.052391 -0.059914  
-0.225477 -0.245561  
-0.241102 -0.247949  
-0.121662 -0.134109  
-0.385730 -0.401662  
-0.360182 -0.407871  
0.999204 0.066942  
-0.317225 -0.360856  
-0.107801 -0.111535  
-0.020271 -0.028281  
-0.383260 -0.452113  
-0.172122 -0.217631  
-0.154389 -0.173988  
-0.000851 -0.161724  
0.034735 -0.060093  
0.830550 0.165240  
-0.190915 -0.297464  
1.678254 1.086172  
-0.126367 -0.151674  
-0.226685 -0.242727  
-0.232029 -0.302854  
-0.157729 -0.181545  
-0.168721 -0.271490  
-0.203017 -0.220704  
-0.010612 -0.048289  
-0.032434 -0.086609  
-0.420740 -0.438954  
0.012979 -0.003134  
-0.106631 -0.148505  
0.003268 -0.005478  
6.910453 2.558828  
0.603573 0.073509  
-0.201503 -0.222764  
0.264877 -0.065638  
-0.089712 -0.106407  
-0.297875 -0.320180  
-0.364311 -0.424245  
-0.091705 -0.100666  
-0.159157 -0.244295  
-0.143573 -0.218330  
-0.205406 -0.246808  
-0.055380 -0.126715  
-0.172753 -0.430484  
0.872879 0.165793  
2.411512 0.324834  
-0.034773 -0.046578  
-0.227494 -0.358589  
-0.087830 -0.155784  
-0.011288 -0.022277  
0.513517 0.138401  
-0.189038 -0.197767  
-0.231196 -0.250229  
0.038828 -0.012530  
0.310810 -0.013013  
-0.096228 -0.268845  
-0.232899 -0.243810  
0.001643 -0.015855  
0.183856 -0.082813  
-0.341996 -0.388522  
-0.216432 -0.342113  
-0.332369 -0.454367  
-0.183225 -0.301774  
0.090904 -0.118244  
0.293698 0.109950  
-0.121815 -0.164069  
-0.110573 -0.139652  
-0.146471 -0.162943  
-0.343933 -0.412794  
-0.075235 -0.186376  
-0.284994 -0.321043  
-0.016106 -0.032380  
-0.201939 -0.216139  
-0.338336 -0.387941  
0.005247 -0.173834  
-0.131508 -0.142348  
0.028599 -0.291924  
-0.419787 -0.456935  
-0.317325 -0.335797  
0.010379 -0.007063  
0.558610 0.107051  
-0.035737 -0.041320  
0.522524 0.155558  
-0.275126 -0.289702  
0.180444 0.013167  
-0.193677 -0.199742  
0.204284 -0.013358  
-0.076222 -0.081426  
-0.256092 -0.305991  
-0.246613 -0.272956  
0.158200 -0.122163  
0.429037 -0.133790  
-0.228641 -0.263513  
-0.192041 -0.210712  
-0.002279 -0.019771  
0.104118 -0.033870  
-0.107592 -0.324161  
-0.253515 -0.305205  
0.678022 0.085885  
-0.019966 -0.081242  
0.102818 -0.046488  
0.022846 -0.127477  
0.814574 0.026974  
-0.225937 -0.321279  
-0.091074 -0.101488  
0.931031 0.114926  
0.636256 0.193109  
-0.354353 -0.366500  
0.007271 -0.082244  
-0.288927 -0.323811  
-0.005145 -0.137336  
9.381222 3.839687  
-0.006327 -0.011878  
-0.005509 -0.012939  
0.789940 0.086626  
-0.047867 -0.101531  
-0.019754 -0.028470  
-0.414813 -0.443206  
-0.270674 -0.316722  
-0.243229 -0.373059  
-0.017917 -0.027260  
-0.190044 -0.310205  
-0.051444 -0.123842  
-0.422116 -0.493998  
-0.101274 -0.166037  
-0.138827 -0.150943  
-0.332356 -0.353922  
-0.195808 -0.207174  
-0.187217 -0.199022  
0.550327 0.252547  
-0.122077 -0.147597  
-0.279049 -0.328455  
-0.002682 -0.007163  
-0.040869 -0.059713  
