0.037059 0.037473  
0.089493 0.090289  
0.061236 0.060345  
3.905271 3.908869  
0.067557 0.067372  
0.069672 0.070806  
0.294043 0.267533  
0.223127 0.232491  
0.178010 0.178250  
0.069360 0.069054  
0.068539 0.068046  
0.043571 0.043458  
0.107997 0.108364  
0.062005 0.061579  
0.079273 0.080465  
0.400172 0.401441  
0.087650 0.087428  
0.556376 0.555096  
0.058237 0.058675  
0.300623 0.300970  
0.052763 0.052926  
0.184411 0.185559  
0.116384 0.118448  
0.057513 0.058428  
0.123424 0.124040  
0.115655 0.114335  
0.169122 0.169668  
0.882377 0.880924  
0.201351 0.202179  
0.071623 0.072290  
0.160388 0.160915  
0.128956 0.128618  
0.040132 0.039998  
0.060035 0.058891  
0.073472 0.073116  
0.317597 0.318490  
0.106993 0.106651  
0.058943 0.058971  
0.081882 0.081638  
0.067713 0.068046  
0.046348 0.046593  
0.068283 0.067939  
0.055836 0.055444  
0.058339 0.058938  
0.078196 0.078557  
0.100103 0.100347  
6.236299 6.255898  
0.041924 0.041713  
0.161706 0.161578  
0.051987 0.051466  
22.338475 22.313700  
12.741221 12.764036  
0.040158 0.042222  
0.100151 0.100324  
0.647414 0.645854  
0.066421 0.066636  
1.742462 1.740305  
0.223585 0.221964  
0.111108 0.109311  
1.283602 1.285036  
0.115086 0.112286  
0.052609 0.052226  
0.093173 0.092792  
0.032708 0.032590  
0.063052 0.063245  
0.038625 0.038369  
0.050625 0.051312  
0.049551 0.049012  
0.158782 0.158467  
0.097580 0.096875  
0.078206 0.079331  
0.059226 0.060918  
0.047610 0.047862  
0.062774 0.063392  
0.044061 0.044111  
0.463615 0.467915  
0.178994 0.177957  
0.105046 0.104509  
0.242866 0.242709  
0.040330 0.040586  
0.076346 0.076402  
0.159899 0.158509  
0.465210 0.466635  
0.049540 0.046546  
0.040950 0.041434  
0.473231 0.472517  
0.109089 0.109853  
0.108431 0.108262  
0.055510 0.056265  
0.324368 0.324642  
0.241773 0.241806  
0.322065 0.322999  
1.589373 1.502228  
0.440454 0.441870  
0.185008 0.183831  
3.496223 3.496382  
1.071217 1.067861  
0.154828 0.155542  
0.328587 0.325969  
0.084843 0.084606  
